r1_10_1_100_norm120-30_4

VEHICLE
NUMBER	CAPACITY	WORLD_RECORD
250	200	250


CUSTOMER
CUST NO.   XCOORD.   YCOORD.    DEMAND   READY TIME   DUE DATE   SERVICE TIME

0	250	250	0	0	1925	0
1	171	34	21	580	730	10
2	67	190	25	1392	1508	10
3	80	400	10	913	1050	10
4	439	237	11	280	392	10
5	377	385	6	833	947	10
6	449	428	25	1431	1582	10
7	342	481	18	1525	1666	10
8	466	149	16	352	458	10
9	83	290	14	231	383	10
10	251	63	14	404	469	10
11	328	491	21	641	744	10
12	260	472	33	1444	1587	10
13	290	145	5	765	895	10
14	266	221	9	1728	1819	10
15	164	320	12	1647	1804	10
16	52	412	22	1412	1560	10
17	485	104	21	925	1021	10
18	144	331	13	1385	1451	10
19	387	394	8	933	1029	10
20	472	57	17	1196	1313	10
21	343	276	15	1674	1772	10
22	104	349	20	248	364	10
23	28	467	34	880	986	10
24	91	427	14	509	573	10
25	429	476	23	852	949	10
26	210	276	5	510	603	10
27	58	39	12	1069	1187	10
28	273	300	30	1134	1238	10
29	41	232	16	1218	1398	10
30	25	53	23	1238	1437	10
31	52	18	28	1096	1197	10
32	27	444	22	1471	1572	10
33	178	72	23	1055	1241	10
34	406	460	2	754	894	10
35	250	328	24	1549	1660	10
36	492	34	5	1459	1590	10
37	412	100	1	1114	1210	10
38	233	87	18	269	389	10
39	60	5	18	618	775	10
40	406	408	15	423	521	10
41	245	42	24	242	365	10
42	166	345	14	152	308	10
43	440	294	16	1461	1591	10
44	370	382	11	1287	1471	10
45	32	319	21	320	486	10
46	480	136	22	660	804	10
47	371	163	21	149	312	10
48	0	188	26	968	1069	10
49	438	5	18	619	714	10
50	132	477	25	528	676	10
51	203	211	20	1626	1769	10
52	2	264	40	1272	1392	10
53	231	167	15	269	363	10
54	423	221	9	669	771	10
55	459	53	20	1087	1161	10
56	386	154	31	840	951	10
57	130	494	6	1558	1643	10
58	31	175	24	908	1023	10
59	69	423	32	1019	1121	10
60	352	241	5	1253	1350	10
61	261	201	15	1060	1204	10
62	59	276	11	1097	1246	10
63	146	188	6	1001	1083	10
64	451	62	5	1193	1302	10
65	299	285	3	1204	1291	10
66	142	372	18	231	336	10
67	440	201	29	1175	1278	10
68	219	210	14	1078	1202	10
69	64	198	10	314	484	10
70	390	249	21	1592	1700	10
71	9	101	16	283	382	10
72	424	288	13	279	383	10
73	77	372	19	563	707	10
74	298	264	36	298	397	10
75	405	454	11	1259	1381	10
76	407	35	11	623	717	10
77	225	369	38	1260	1386	10
78	347	459	25	260	349	10
79	117	178	28	445	505	10
80	132	479	11	1258	1385	10
81	201	66	14	996	1140	10
82	245	176	20	268	397	10
83	470	138	16	346	503	10
84	115	296	24	618	678	10
85	348	476	19	1278	1478	10
86	43	210	20	491	664	10
87	327	139	13	943	1097	10
88	49	353	15	984	1082	10
89	356	256	19	715	827	10
90	335	99	25	765	890	10
91	363	34	19	702	852	10
92	33	278	18	218	315	10
93	366	288	29	1262	1429	10
94	452	172	9	1375	1461	10
95	86	189	21	1353	1502	10
96	262	369	15	1002	1123	10
97	218	403	15	753	904	10
98	218	12	3	827	906	10
99	228	399	14	1309	1478	10
100	492	188	33	1014	1149	10
101	267	174	34	1235	1423	10
102	274	441	12	791	973	10
103	210	113	28	1225	1304	10
104	370	262	15	653	754	10
105	303	186	10	1065	1152	10
106	241	180	13	1009	1172	10
107	100	85	14	306	489	10
108	350	199	21	1635	1789	10
109	500	228	8	841	989	10
110	251	238	27	413	453	10
111	114	102	21	655	805	10
112	345	146	27	485	594	10
113	21	146	21	347	470	10
114	330	147	28	929	1077	10
115	476	61	36	785	908	10
116	386	245	16	299	392	10
117	201	278	13	487	574	10
118	421	499	23	1081	1261	10
119	426	231	24	881	924	10
120	105	137	32	1290	1403	10
121	64	437	11	1075	1206	10
122	181	260	23	1132	1270	10
123	413	391	8	379	479	10
124	370	493	22	1106	1205	10
125	447	267	19	713	855	10
126	232	101	24	878	1013	10
127	371	332	14	1550	1683	10
128	447	383	17	1323	1433	10
129	325	147	14	1036	1154	10
130	489	437	29	1271	1367	10
131	415	95	15	927	1006	10
132	331	356	13	133	201	10
133	374	346	27	346	479	10
134	108	37	23	1535	1659	10
135	5	224	19	1589	1664	10
136	93	413	17	963	1097	10
137	210	29	13	1334	1525	10
138	136	265	12	135	270	10
139	409	155	19	793	871	10
140	111	178	18	333	416	10
141	291	251	20	897	1026	10
142	322	290	23	1003	1128	10
143	57	183	15	287	465	10
144	181	185	19	864	1004	10
145	7	382	27	353	499	10
146	425	448	9	757	825	10
147	174	41	15	1130	1298	10
148	161	276	8	877	1024	10
149	398	49	21	1165	1296	10
150	210	379	12	739	833	10
151	60	231	32	190	279	10
152	453	360	13	382	513	10
153	367	97	17	1401	1549	10
154	488	3	3	913	1123	10
155	44	115	24	743	865	10
156	48	293	22	469	634	10
157	64	135	11	577	719	10
158	65	62	15	737	867	10
159	404	207	6	1336	1466	10
160	68	303	22	491	691	10
161	263	418	25	1066	1223	10
162	147	30	26	1504	1588	10
163	384	149	18	402	500	10
164	340	416	36	294	378	10
165	271	128	12	1548	1679	10
166	89	358	23	1133	1248	10
167	20	480	25	804	902	10
168	488	173	25	1337	1495	10
169	439	156	2	273	415	10
170	389	156	27	726	887	10
171	111	392	18	1095	1224	10
172	267	162	6	998	1087	10
173	248	176	32	1643	1772	10
174	413	476	34	1243	1324	10
175	352	481	15	300	398	10
176	264	135	1	757	882	10
177	29	462	17	365	477	10
178	148	462	10	885	1054	10
179	44	140	11	1089	1201	10
180	414	378	23	729	839	10
181	392	95	16	1072	1190	10
182	216	341	19	219	302	10
183	211	411	15	1545	1671	10
184	317	45	8	1123	1280	10
185	178	150	33	471	540	10
186	428	302	27	1070	1180	10
187	450	45	24	750	834	10
188	453	318	30	1153	1250	10
189	186	135	24	624	811	10
190	11	403	18	1543	1631	10
191	433	447	20	268	370	10
192	272	420	7	1227	1348	10
193	429	59	9	394	497	10
194	200	27	22	1580	1686	10
195	498	171	12	405	532	10
196	487	320	21	991	1139	10
197	45	166	22	1101	1247	10
198	490	276	33	1232	1376	10
199	126	391	19	1037	1120	10
200	92	18	8	935	1044	10
201	293	228	19	1570	1647	10
202	343	205	26	638	733	10
203	182	480	31	552	676	10
204	385	285	13	1630	1748	10
205	44	344	12	345	486	10
206	170	347	15	293	434	10
207	457	492	7	870	945	10
208	124	448	6	690	800	10
209	398	210	31	1608	1670	10
210	75	118	21	219	340	10
211	105	474	27	300	357	10
212	134	211	35	1343	1468	10
213	211	248	26	1372	1500	10
214	212	186	11	1354	1454	10
215	492	335	10	1425	1528	10
216	497	483	12	1291	1411	10
217	440	436	18	1199	1395	10
218	311	203	15	784	896	10
219	491	369	28	1485	1646	10
220	67	378	26	1046	1222	10
221	383	17	15	687	813	10
222	7	82	25	1479	1614	10
223	342	319	36	982	1112	10
224	78	406	15	943	1088	10
225	103	123	8	331	434	10
226	241	38	16	745	869	10
227	224	3	10	1199	1332	10
228	436	467	12	666	802	10
229	438	488	18	1214	1316	10
230	351	60	15	1022	1168	10
231	13	214	21	507	629	10
232	429	67	16	650	774	10
233	498	456	27	1462	1592	10
234	135	400	20	1278	1414	10
235	215	293	13	274	380	10
236	354	416	10	1162	1284	10
237	294	421	26	176	338	10
238	208	445	22	708	871	10
239	230	320	8	1581	1723	10
240	157	38	3	1505	1648	10
241	441	100	31	507	621	10
242	61	170	20	248	376	10
243	79	467	22	869	997	10
244	365	190	22	913	999	10
245	282	1	18	1192	1316	10
246	124	111	15	645	741	10
247	247	219	17	1569	1676	10
248	28	180	34	1129	1264	10
249	167	488	17	945	1131	10
250	442	289	25	306	440	10
251	136	430	14	687	844	10
252	38	15	3	714	880	10
253	246	314	36	1062	1168	10
254	176	200	17	1318	1472	10
255	337	232	2	1084	1207	10
256	257	133	19	1428	1584	10
257	295	247	12	1039	1148	10
258	39	162	18	1451	1616	10
259	79	257	26	832	973	10
260	236	126	23	1320	1445	10
261	259	498	33	1120	1222	10
262	180	162	9	1644	1778	10
263	53	466	9	1520	1622	10
264	167	291	27	1496	1648	10
265	89	185	16	1345	1500	10
266	487	446	9	1437	1565	10
267	308	199	14	1157	1290	10
268	481	84	17	1082	1171	10
269	495	227	20	1371	1513	10
270	397	57	17	1545	1672	10
271	372	39	10	309	411	10
272	278	450	29	399	531	10
273	292	32	14	292	386	10
274	90	496	13	552	680	10
275	68	53	16	1409	1595	10
276	371	423	10	211	300	10
277	273	149	14	291	412	10
278	297	283	28	133	225	10
279	120	37	28	1516	1665	10
280	371	488	10	541	631	10
281	206	174	14	498	587	10
282	174	347	3	519	654	10
283	330	281	14	849	921	10
284	67	451	5	543	678	10
285	27	464	21	1193	1301	10
286	361	178	5	927	1052	10
287	463	406	23	447	590	10
288	456	157	20	235	349	10
289	153	244	5	1676	1817	10
290	153	192	13	1423	1511	10
291	352	63	6	482	564	10
292	371	71	21	216	262	10
293	163	472	9	306	447	10
294	448	495	40	660	775	10
295	282	10	30	253	352	10
296	66	163	6	753	869	10
297	314	205	22	78	205	10
298	83	169	21	1030	1161	10
299	221	291	9	1262	1403	10
300	374	116	9	1064	1169	10
301	418	269	3	1288	1393	10
302	178	302	19	1108	1231	10
303	250	57	26	503	597	10
304	475	352	33	754	882	10
305	1	252	5	1111	1252	10
306	286	356	30	1621	1759	10
307	65	82	13	1156	1274	10
308	154	392	9	1523	1645	10
309	196	56	15	240	387	10
310	366	390	23	1359	1494	10
311	436	25	19	1237	1406	10
312	67	352	20	875	1035	10
313	173	182	25	306	444	10
314	390	34	7	348	449	10
315	18	225	8	720	872	10
316	57	43	15	387	538	10
317	388	44	22	368	514	10
318	269	112	19	959	1158	10
319	374	260	27	1114	1265	10
320	291	213	23	55	157	10
321	178	420	18	696	806	10
322	389	255	15	247	334	10
323	134	194	19	615	729	10
324	93	490	2	523	612	10
325	64	294	12	205	319	10
326	493	111	26	279	417	10
327	150	484	16	336	452	10
328	235	316	2	1449	1580	10
329	239	15	2	334	428	10
330	193	138	30	1185	1291	10
331	40	278	10	438	572	10
332	307	52	23	1021	1149	10
333	161	416	25	1236	1377	10
334	381	457	28	1006	1172	10
335	55	318	13	1093	1183	10
336	80	279	19	1104	1258	10
337	48	162	15	347	468	10
338	91	27	14	727	864	10
339	288	70	24	615	738	10
340	177	404	17	1094	1218	10
341	10	237	19	636	752	10
342	493	493	20	343	512	10
343	440	292	24	879	1014	10
344	349	76	15	574	699	10
345	47	208	30	1098	1176	10
346	283	454	14	700	814	10
347	486	324	15	247	336	10
348	392	87	23	986	1092	10
349	122	422	3	1579	1700	10
350	37	281	17	525	652	10
351	413	127	28	643	774	10
352	222	499	7	1185	1316	10
353	211	446	15	1297	1454	10
354	30	7	23	327	474	10
355	398	341	33	173	294	10
356	26	67	15	982	1119	10
357	461	186	16	1125	1279	10
358	313	391	5	1245	1379	10
359	471	94	30	462	574	10
360	341	72	9	657	750	10
361	130	186	16	260	355	10
362	257	57	18	900	1032	10
363	94	344	26	811	939	10
364	6	53	8	743	886	10
365	146	376	8	1290	1391	10
366	244	13	24	1089	1168	10
367	29	336	22	494	603	10
368	306	42	11	1115	1238	10
369	177	486	20	1492	1617	10
370	489	338	17	581	690	10
371	179	318	2	1199	1288	10
372	344	203	14	797	900	10
373	149	341	6	1475	1575	10
374	307	412	8	383	490	10
375	68	450	18	690	815	10
376	420	80	24	1333	1413	10
377	144	220	35	554	655	10
378	497	54	14	1391	1483	10
379	80	458	30	1538	1646	10
380	84	377	10	355	407	10
381	332	382	2	1414	1592	10
382	6	196	20	1237	1365	10
383	104	28	8	395	549	10
384	224	320	36	1089	1234	10
385	87	3	13	295	447	10
386	149	214	7	727	859	10
387	98	29	14	1129	1265	10
388	135	30	12	1436	1538	10
389	287	397	12	578	663	10
390	107	374	8	1566	1725	10
391	355	485	10	329	429	10
392	51	286	14	684	791	10
393	49	118	3	710	845	10
394	159	226	16	1056	1225	10
395	185	431	15	859	960	10
396	262	92	25	1474	1600	10
397	475	198	20	1048	1136	10
398	142	30	32	500	643	10
399	481	207	34	799	882	10
400	174	122	14	566	652	10
401	35	263	27	1409	1521	10
402	24	71	11	1111	1225	10
403	173	65	12	881	986	10
404	91	326	4	1585	1681	10
405	470	417	11	706	800	10
406	397	153	29	1314	1438	10
407	295	283	26	440	594	10
408	174	376	8	1535	1691	10
409	38	190	23	617	710	10
410	16	68	11	958	1163	10
411	179	286	8	381	533	10
412	244	422	14	650	741	10
413	250	441	5	224	339	10
414	497	18	10	416	585	10
415	195	111	15	1471	1626	10
416	26	221	28	713	768	10
417	442	5	16	529	677	10
418	44	496	32	618	734	10
419	448	404	15	261	337	10
420	471	427	8	800	942	10
421	460	424	11	1003	1116	10
422	461	195	26	626	726	10
423	146	313	22	452	567	10
424	19	273	25	1122	1233	10
425	245	461	8	732	786	10
426	69	266	12	1332	1445	10
427	191	84	13	1019	1105	10
428	68	160	21	1435	1512	10
429	212	47	20	524	626	10
430	80	337	28	348	503	10
431	412	478	7	1481	1589	10
432	225	488	28	388	553	10
433	105	140	27	1222	1367	10
434	389	43	21	802	895	10
435	177	156	25	1157	1314	10
436	179	497	1	577	725	10
437	377	432	20	1155	1265	10
438	497	296	14	1023	1153	10
439	152	476	45	958	1053	10
440	277	428	7	933	1086	10
441	64	5	14	1496	1607	10
442	44	311	27	563	632	10
443	165	59	27	739	836	10
444	261	138	1	953	1083	10
445	268	351	7	420	539	10
446	48	150	15	954	1076	10
447	215	79	5	1012	1121	10
448	109	56	27	715	847	10
449	171	188	30	1420	1561	10
450	284	457	17	1337	1459	10
451	274	442	17	1386	1559	10
452	33	286	11	1154	1229	10
453	112	433	29	693	821	10
454	423	170	27	1463	1593	10
455	213	283	14	1682	1865	10
456	240	34	28	1329	1432	10
457	283	438	3	363	411	10
458	324	99	10	951	1091	10
459	259	301	25	1041	1125	10
460	189	402	10	770	936	10
461	215	282	21	267	409	10
462	166	440	12	1473	1585	10
463	374	232	33	357	463	10
464	339	113	14	791	906	10
465	335	46	18	1061	1158	10
466	313	493	20	958	1126	10
467	432	66	30	562	692	10
468	76	462	18	503	607	10
469	397	477	13	1514	1644	10
470	196	489	23	1397	1498	10
471	354	156	20	794	902	10
472	171	24	11	1610	1675	10
473	187	73	18	733	849	10
474	243	408	15	1118	1259	10
475	421	387	15	1267	1373	10
476	141	426	23	662	808	10
477	415	118	19	211	328	10
478	240	255	33	1080	1174	10
479	162	388	11	1651	1751	10
480	413	493	26	634	741	10
481	69	414	6	1045	1137	10
482	273	70	36	650	832	10
483	142	14	18	478	560	10
484	185	434	9	1660	1719	10
485	360	294	9	829	952	10
486	265	240	9	603	731	10
487	280	245	21	890	1026	10
488	87	51	35	1405	1528	10
489	195	273	22	1491	1580	10
490	422	498	5	887	1021	10
491	95	64	4	568	687	10
492	63	155	7	1360	1497	10
493	24	259	19	1554	1688	10
494	376	92	10	325	423	10
495	83	300	26	962	1048	10
496	72	477	46	1336	1487	10
497	380	194	3	770	885	10
498	72	227	25	349	462	10
499	238	123	24	1303	1465	10
500	188	119	44	374	455	10
501	229	322	11	440	594	10
502	150	68	23	945	1048	10
503	67	24	10	1144	1300	10
504	63	420	19	811	942	10
505	339	144	13	344	441	10
506	454	201	16	325	413	10
507	158	24	18	964	1081	10
508	365	119	30	1397	1507	10
509	440	284	25	1367	1491	10
510	417	212	12	451	581	10
511	404	439	3	1103	1240	10
512	472	248	11	1016	1144	10
513	235	108	12	142	235	10
514	174	67	15	767	885	10
515	132	151	22	819	930	10
516	217	207	26	1343	1498	10
517	162	306	22	512	617	10
518	48	366	29	832	920	10
519	209	68	27	209	281	10
520	94	497	31	896	982	10
521	110	122	14	370	468	10
522	274	403	17	1540	1626	10
523	421	386	29	1569	1670	10
524	399	175	13	1422	1536	10
525	56	268	28	1396	1457	10
526	322	406	17	175	314	10
527	244	277	18	795	906	10
528	105	181	19	908	1009	10
529	30	97	23	272	369	10
530	359	246	18	810	887	10
531	498	457	15	1346	1380	10
532	190	267	36	538	659	10
533	334	481	32	561	650	10
534	18	24	32	979	1092	10
535	482	104	19	1084	1237	10
536	460	328	13	1017	1142	10
537	320	211	16	1492	1585	10
538	494	165	19	1444	1586	10
539	167	445	7	1575	1703	10
540	340	291	22	576	708	10
541	272	234	26	1472	1573	10
542	325	56	13	1480	1633	10
543	71	304	19	1569	1706	10
544	87	311	7	729	835	10
545	207	487	4	1115	1231	10
546	332	5	14	926	1030	10
547	161	275	21	197	286	10
548	268	458	24	1123	1245	10
549	175	352	12	896	980	10
550	398	476	25	1454	1540	10
551	51	360	13	475	644	10
552	21	70	15	606	719	10
553	80	251	14	1283	1371	10
554	457	280	17	507	633	10
555	423	315	12	1564	1678	10
556	66	88	2	1246	1416	10
557	479	387	13	393	488	10
558	436	123	40	246	410	10
559	286	244	31	94	242	10
560	449	190	2	954	1084	10
561	456	113	17	510	640	10
562	480	152	26	780	902	10
563	100	266	5	578	686	10
564	343	34	7	877	962	10
565	374	306	4	185	349	10
566	13	465	31	523	562	10
567	230	487	20	483	560	10
568	442	153	29	1400	1551	10
569	240	362	23	920	1029	10
570	433	319	11	1477	1584	10
571	0	422	8	1017	1121	10
572	297	131	25	737	919	10
573	71	12	2	1513	1607	10
574	44	440	24	294	423	10
575	447	184	27	624	725	10
576	341	59	27	1546	1703	10
577	132	32	18	546	646	10
578	411	396	23	1360	1464	10
579	450	416	25	1396	1541	10
580	323	34	13	228	328	10
581	244	368	25	1175	1302	10
582	90	477	18	856	975	10
583	34	169	11	1519	1631	10
584	351	128	15	1006	1087	10
585	71	282	29	1228	1358	10
586	157	269	31	647	765	10
587	392	1	11	1258	1438	10
588	39	153	26	415	495	10
589	306	229	10	1625	1699	10
590	415	253	21	257	340	10
591	92	76	4	405	512	10
592	437	98	16	498	583	10
593	12	367	27	756	835	10
594	448	414	23	753	870	10
595	128	113	22	472	629	10
596	43	360	2	385	477	10
597	102	422	23	431	533	10
598	480	131	5	685	815	10
599	210	81	2	1204	1292	10
600	432	2	20	1468	1603	10
601	396	83	15	1359	1488	10
602	489	159	29	361	489	10
603	56	75	24	1455	1597	10
604	66	31	25	542	601	10
605	460	117	14	1441	1558	10
606	175	239	23	1724	1839	10
607	217	333	26	1520	1678	10
608	62	375	16	543	658	10
609	82	183	17	1249	1381	10
610	248	214	19	1736	1878	10
611	385	239	21	596	752	10
612	371	315	18	781	861	10
613	333	163	32	987	1096	10
614	100	66	15	1512	1626	10
615	311	422	29	870	956	10
616	153	235	10	98	220	10
617	168	109	10	887	1003	10
618	284	319	17	795	899	10
619	195	464	20	1627	1694	10
620	382	9	30	1258	1339	10
621	325	210	15	450	568	10
622	366	334	5	1415	1560	10
623	200	78	31	1327	1546	10
624	351	5	12	492	602	10
625	197	202	29	1139	1286	10
626	270	337	20	823	950	10
627	125	65	17	321	388	10
628	120	17	30	266	438	10
629	84	255	13	459	612	10
630	222	331	10	610	723	10
631	332	459	35	493	624	10
632	226	175	23	918	1036	10
633	404	140	8	977	1126	10
634	223	178	20	550	661	10
635	330	308	24	1027	1120	10
636	140	108	29	1590	1692	10
637	34	239	16	1281	1352	10
638	94	192	1	1274	1413	10
639	458	213	22	973	1091	10
640	13	314	14	301	452	10
641	202	391	30	767	835	10
642	339	41	6	227	356	10
643	224	56	13	938	1043	10
644	345	431	12	432	539	10
645	292	104	26	151	271	10
646	318	99	35	274	399	10
647	46	248	9	1527	1710	10
648	482	184	14	1412	1536	10
649	411	379	25	1098	1247	10
650	293	174	31	742	851	10
651	169	305	21	1387	1443	10
652	394	47	5	1071	1183	10
653	323	29	7	1471	1621	10
654	65	343	38	207	342	10
655	158	179	37	1160	1250	10
656	299	353	34	1480	1686	10
657	9	233	31	603	709	10
658	330	138	18	727	841	10
659	48	412	7	449	535	10
660	385	17	40	1234	1344	10
661	382	110	24	503	650	10
662	336	493	20	835	962	10
663	181	441	25	641	737	10
664	162	301	16	1321	1369	10
665	1	101	8	635	759	10
666	80	117	24	1511	1614	10
667	210	219	7	289	426	10
668	404	59	13	245	346	10
669	288	439	16	1307	1408	10
670	149	458	13	1027	1140	10
671	257	391	22	1493	1593	10
672	405	349	15	345	434	10
673	191	215	17	261	401	10
674	231	29	14	487	579	10
675	253	50	27	210	327	10
676	441	177	23	887	1012	10
677	5	445	30	313	441	10
678	463	253	23	974	1108	10
679	435	180	37	224	338	10
680	198	85	28	1285	1365	10
681	59	388	20	1340	1478	10
682	373	418	6	208	353	10
683	142	80	12	377	475	10
684	441	7	20	720	907	10
685	33	268	18	217	325	10
686	355	174	33	264	350	10
687	228	260	12	719	837	10
688	114	460	14	895	962	10
689	337	41	8	1468	1588	10
690	154	374	36	990	1093	10
691	235	13	27	1244	1343	10
692	303	78	12	610	689	10
693	103	464	22	854	1029	10
694	325	311	22	1590	1657	10
695	306	235	25	57	180	10
696	382	360	26	704	807	10
697	235	288	18	1584	1728	10
698	0	356	13	973	1049	10
699	178	135	21	269	359	10
700	226	423	15	562	714	10
701	15	11	15	1248	1391	10
702	144	35	26	374	420	10
703	176	199	28	280	395	10
704	247	306	33	889	1000	10
705	396	417	13	1313	1398	10
706	289	220	19	595	696	10
707	23	235	43	446	560	10
708	137	377	23	172	265	10
709	400	71	17	1542	1669	10
710	261	359	10	154	269	10
711	438	127	2	1521	1638	10
712	318	280	21	1081	1190	10
713	333	293	27	999	1152	10
714	436	295	11	1004	1088	10
715	62	94	16	513	591	10
716	495	355	3	875	997	10
717	13	394	15	1381	1465	10
718	172	292	17	774	912	10
719	14	232	18	254	407	10
720	437	90	12	400	523	10
721	214	274	24	329	429	10
722	420	383	27	1174	1253	10
723	120	261	5	503	572	10
724	179	75	13	980	1059	10
725	484	224	7	1569	1634	10
726	214	245	8	927	1033	10
727	395	474	26	555	700	10
728	368	311	14	1190	1349	10
729	199	203	20	1599	1757	10
730	485	428	22	685	844	10
731	86	199	23	936	1053	10
732	447	272	12	498	628	10
733	40	304	16	1492	1634	10
734	475	267	7	882	1016	10
735	482	141	14	1309	1431	10
736	489	274	31	794	942	10
737	26	342	12	1302	1410	10
738	139	438	24	734	859	10
739	12	358	7	999	1153	10
740	125	61	26	1094	1241	10
741	360	284	19	1015	1062	10
742	29	358	23	245	358	10
743	285	247	13	323	508	10
744	248	386	22	157	237	10
745	415	207	18	476	584	10
746	130	247	17	848	1001	10
747	172	66	18	199	315	10
748	92	259	4	1275	1322	10
749	379	486	22	1547	1633	10
750	452	484	26	1505	1605	10
751	268	288	26	1005	1098	10
752	349	43	26	1484	1639	10
753	225	269	30	514	632	10
754	50	383	20	1220	1384	10
755	110	251	23	1562	1659	10
756	461	182	13	929	1107	10
757	255	487	19	461	633	10
758	133	202	33	553	654	10
759	34	329	2	229	302	10
760	368	452	16	841	1008	10
761	242	106	28	1145	1239	10
762	171	303	18	1181	1286	10
763	329	456	19	220	358	10
764	490	286	29	596	773	10
765	61	214	4	1080	1190	10
766	365	74	24	1040	1137	10
767	321	149	18	799	983	10
768	84	453	19	569	684	10
769	26	442	23	663	766	10
770	180	283	23	1351	1479	10
771	394	322	12	1420	1538	10
772	348	348	23	1243	1338	10
773	309	161	23	1579	1705	10
774	385	58	24	720	868	10
775	228	287	21	1024	1119	10
776	312	453	6	225	368	10
777	35	344	21	1083	1207	10
778	393	98	13	1170	1303	10
779	208	488	22	1277	1389	10
780	235	33	30	317	436	10
781	140	137	32	1587	1665	10
782	405	187	34	1535	1724	10
783	330	371	1	562	709	10
784	265	0	10	1124	1211	10
785	295	89	23	170	255	10
786	3	23	11	1282	1385	10
787	363	225	35	889	989	10
788	148	208	22	1325	1412	10
789	466	362	15	1165	1322	10
790	267	290	15	1144	1273	10
791	98	2	14	770	826	10
792	131	246	17	1679	1795	10
793	418	75	11	687	775	10
794	366	260	23	131	264	10
795	138	28	23	1101	1222	10
796	209	212	18	1408	1568	10
797	443	167	17	1313	1417	10
798	156	65	22	1385	1516	10
799	279	355	9	243	349	10
800	206	172	29	687	807	10
801	32	94	14	1085	1181	10
802	301	239	31	696	739	10
803	471	368	19	879	980	10
804	133	273	20	119	253	10
805	253	74	20	870	980	10
806	470	405	17	514	605	10
807	77	172	23	645	794	10
808	77	465	11	493	591	10
809	466	96	22	1328	1449	10
810	402	277	5	1369	1471	10
811	267	374	23	220	333	10
812	450	194	27	673	732	10
813	89	65	16	1155	1257	10
814	429	389	18	318	378	10
815	202	28	22	821	912	10
816	46	389	22	1163	1261	10
817	246	407	12	411	555	10
818	452	110	14	245	397	10
819	213	185	21	74	185	10
820	134	276	15	1028	1138	10
821	262	97	17	582	708	10
822	469	489	4	759	905	10
823	364	71	5	452	561	10
824	68	240	11	524	651	10
825	494	468	31	702	829	10
826	439	222	22	191	349	10
827	386	225	13	1074	1144	10
828	434	359	13	979	1115	10
829	103	177	28	1406	1581	10
830	89	322	21	820	959	10
831	307	249	10	268	410	10
832	30	155	9	506	622	10
833	401	314	25	1118	1258	10
834	217	357	23	555	672	10
835	373	421	21	1068	1195	10
836	5	281	16	1009	1124	10
837	173	474	14	1248	1380	10
838	36	301	21	457	618	10
839	429	169	8	1125	1267	10
840	195	450	16	886	997	10
841	95	382	19	203	329	10
842	225	121	18	383	469	10
843	10	407	36	286	429	10
844	221	269	14	1736	1880	10
845	264	180	33	1094	1170	10
846	168	59	6	496	545	10
847	281	96	1	1518	1654	10
848	387	349	9	908	1028	10
849	398	329	17	1578	1692	10
850	239	486	3	1423	1535	10
851	237	420	15	886	991	10
852	346	354	8	708	824	10
853	172	314	9	675	822	10
854	233	230	20	94	186	10
855	79	80	19	810	887	10
856	243	402	13	194	361	10
857	117	110	13	678	820	10
858	66	314	26	645	778	10
859	58	391	16	417	531	10
860	142	360	20	891	1015	10
861	492	326	19	1020	1154	10
862	381	328	12	152	270	10
863	62	236	29	317	455	10
864	344	70	24	548	635	10
865	151	81	28	195	323	10
866	240	240	35	873	1000	10
867	46	163	8	843	949	10
868	455	168	21	704	811	10
869	428	202	24	1543	1658	10
870	432	199	7	241	397	10
871	391	112	24	486	611	10
872	451	305	13	1486	1636	10
873	214	311	14	935	1099	10
874	465	367	14	877	990	10
875	164	473	26	900	1028	10
876	364	173	30	1118	1196	10
877	274	261	20	1644	1791	10
878	133	455	25	1284	1404	10
879	351	481	10	291	400	10
880	115	395	11	1303	1380	10
881	297	304	4	1307	1416	10
882	7	194	29	623	786	10
883	409	255	23	871	1036	10
884	87	213	18	416	525	10
885	60	246	25	650	815	10
886	3	471	13	1201	1371	10
887	418	251	21	168	320	10
888	153	362	7	327	437	10
889	323	77	36	589	745	10
890	143	158	12	1158	1266	10
891	351	148	30	1087	1165	10
892	426	38	23	605	670	10
893	226	316	21	288	375	10
894	347	192	18	1513	1618	10
895	102	6	3	1316	1466	10
896	41	120	22	1277	1393	10
897	247	443	17	754	861	10
898	218	271	16	157	341	10
899	376	385	12	1110	1209	10
900	241	402	11	255	389	10
901	213	399	18	448	573	10
902	32	191	5	1342	1503	10
903	441	374	10	227	363	10
904	376	113	8	186	328	10
905	215	434	9	478	579	10
906	499	316	18	819	919	10
907	318	497	21	894	989	10
908	256	441	34	1155	1256	10
909	174	397	32	701	798	10
910	468	360	16	1374	1450	10
911	287	256	18	790	898	10
912	448	397	33	1352	1467	10
913	352	487	27	592	746	10
914	253	118	19	1078	1199	10
915	159	299	12	350	527	10
916	351	233	21	1196	1303	10
917	268	113	21	845	1011	10
918	164	332	19	484	607	10
919	88	484	5	846	984	10
920	360	488	19	284	391	10
921	343	166	28	1659	1785	10
922	497	266	25	257	457	10
923	138	406	8	1265	1416	10
924	420	224	10	227	375	10
925	231	410	14	954	1056	10
926	199	438	3	759	841	10
927	219	215	32	1704	1759	10
928	365	274	14	198	275	10
929	481	454	14	471	573	10
930	187	61	19	1316	1453	10
931	372	97	13	530	605	10
932	187	263	35	1336	1473	10
933	371	427	23	916	1087	10
934	74	215	10	634	814	10
935	375	145	12	1432	1594	10
936	365	28	9	643	760	10
937	118	314	26	1676	1768	10
938	60	29	32	737	873	10
939	478	300	12	434	569	10
940	33	152	17	923	1048	10
941	347	184	15	830	925	10
942	94	40	24	740	885	10
943	290	328	7	1590	1737	10
944	96	346	26	410	527	10
945	97	288	22	1044	1169	10
946	176	470	14	470	625	10
947	206	97	33	1562	1677	10
948	210	133	15	1548	1662	10
949	489	457	13	753	863	10
950	418	399	20	333	477	10
951	392	491	10	784	903	10
952	437	19	15	1145	1216	10
953	495	83	32	713	790	10
954	468	352	9	966	1123	10
955	390	120	24	1187	1294	10
956	80	357	1	918	1011	10
957	394	310	10	887	1008	10
958	61	441	27	1300	1434	10
959	52	303	25	933	1089	10
960	391	202	14	1454	1557	10
961	36	451	15	1453	1561	10
962	276	84	20	738	913	10
963	130	140	17	171	261	10
964	16	287	12	466	614	10
965	292	136	28	639	764	10
966	53	204	8	995	1177	10
967	359	287	24	494	635	10
968	309	29	11	626	724	10
969	473	491	23	1355	1533	10
970	273	255	18	1790	1883	10
971	263	153	12	298	369	10
972	328	458	17	975	1092	10
973	401	164	13	496	564	10
974	480	119	7	720	840	10
975	488	96	22	754	926	10
976	149	98	4	601	740	10
977	49	437	7	284	391	10
978	440	77	14	1022	1103	10
979	43	135	31	344	463	10
980	188	151	7	116	222	10
981	175	422	24	800	963	10
982	48	437	4	328	496	10
983	334	403	26	1526	1690	10
984	372	115	13	1220	1278	10
985	111	192	11	1221	1266	10
986	357	290	24	990	1094	10
987	331	134	11	1440	1610	10
988	495	199	25	577	699	10
989	441	60	21	269	412	10
990	51	89	19	1547	1648	10
991	452	206	31	823	976	10
992	195	386	13	1650	1730	10
993	172	24	17	1352	1487	10
994	408	318	15	308	437	10
995	410	399	25	244	356	10
996	413	345	20	933	1086	10
997	215	129	17	1597	1739	10
998	380	350	15	713	834	10
999	19	38	15	546	662	10
1000	166	247	1	1668	1772	10
