r1_10_1_100_norm60-20_4

VEHICLE
NUMBER	CAPACITY	WORLD_RECORD
250	200	250


CUSTOMER
CUST NO.   XCOORD.   YCOORD.    DEMAND   READY TIME   DUE DATE   SERVICE TIME

0	250	250	0	0	1925	0
1	171	34	21	611	699	10
2	67	190	25	1408	1491	10
3	80	400	10	939	1025	10
4	439	237	11	306	366	10
5	377	385	6	864	915	10
6	449	428	25	1485	1528	10
7	342	481	18	1645	1660	10
8	466	149	16	385	425	10
9	83	290	14	281	332	10
10	251	63	14	409	465	10
11	328	491	21	654	732	10
12	260	472	33	1482	1550	10
13	290	145	5	804	855	10
14	266	221	9	1739	1809	10
15	164	320	12	1705	1770	10
16	52	412	22	1459	1513	10
17	485	104	21	945	1001	10
18	144	331	13	1391	1445	10
19	387	394	8	960	1002	10
20	472	57	17	1229	1281	10
21	343	276	15	1681	1765	10
22	104	349	20	278	334	10
23	28	467	34	912	953	10
24	91	427	14	522	559	10
25	429	476	23	867	935	10
26	210	276	5	531	583	10
27	58	39	12	1107	1149	10
28	273	300	30	1144	1228	10
29	41	232	16	1280	1336	10
30	25	53	23	1302	1373	10
31	52	18	28	1123	1170	10
32	27	444	22	1488	1556	10
33	178	72	23	1100	1196	10
34	406	460	2	796	851	10
35	250	328	24	1546	1664	10
36	492	34	5	1520	1590	10
37	412	100	1	1115	1208	10
38	233	87	18	292	365	10
39	60	5	18	679	714	10
40	406	408	15	427	517	10
41	245	42	24	267	341	10
42	166	345	14	198	262	10
43	440	294	16	1498	1553	10
44	370	382	11	1350	1408	10
45	32	319	21	373	433	10
46	480	136	22	703	761	10
47	371	163	21	188	252	10
48	0	188	26	983	1055	10
49	438	5	18	642	691	10
50	132	477	25	559	645	10
51	203	211	20	1669	1727	10
52	2	264	40	1300	1364	10
53	231	167	15	279	352	10
54	423	221	9	692	747	10
55	459	53	20	1089	1158	10
56	386	154	31	869	923	10
57	130	494	6	1596	1611	10
58	31	175	24	921	1010	10
59	69	423	32	1055	1085	10
60	352	241	5	1262	1341	10
61	261	201	15	1108	1156	10
62	59	276	11	1125	1218	10
63	146	188	6	1011	1073	10
64	451	62	5	1187	1309	10
65	299	285	3	1217	1279	10
66	142	372	18	258	309	10
67	440	201	29	1187	1266	10
68	219	210	14	1100	1180	10
69	64	198	10	361	437	10
70	390	249	21	1617	1674	10
71	9	101	16	283	383	10
72	424	288	13	307	355	10
73	77	372	19	605	665	10
74	298	264	36	325	371	10
75	405	454	11	1288	1352	10
76	407	35	11	645	694	10
77	225	369	38	1301	1345	10
78	347	459	25	278	331	10
79	117	178	28	447	502	10
80	132	479	11	1294	1350	10
81	201	66	14	1037	1099	10
82	245	176	20	301	365	10
83	470	138	16	386	464	10
84	115	296	24	621	675	10
85	348	476	19	1337	1418	10
86	43	210	20	555	600	10
87	327	139	13	984	1055	10
88	49	353	15	1008	1057	10
89	356	256	19	744	797	10
90	335	99	25	802	854	10
91	363	34	19	744	810	10
92	33	278	18	218	308	10
93	366	288	29	1303	1389	10
94	452	172	9	1408	1428	10
95	86	189	21	1402	1453	10
96	262	369	15	1048	1077	10
97	218	403	15	798	859	10
98	218	12	3	840	893	10
99	228	399	14	1339	1448	10
100	492	188	33	1052	1112	10
101	267	174	34	1293	1365	10
102	274	441	12	855	908	10
103	210	113	28	1223	1307	10
104	370	262	15	686	722	10
105	303	186	10	1083	1135	10
106	241	180	13	1064	1117	10
107	100	85	14	379	416	10
108	350	199	21	1675	1748	10
109	500	228	8	891	939	10
110	251	238	27	398	468	10
111	114	102	21	697	763	10
112	345	146	27	494	586	10
113	21	146	21	380	437	10
114	330	147	28	964	1042	10
115	476	61	36	817	876	10
116	386	245	16	308	383	10
117	201	278	13	501	561	10
118	421	499	23	1134	1208	10
119	426	231	24	881	925	10
120	105	137	32	1305	1389	10
121	64	437	11	1111	1171	10
122	181	260	23	1178	1224	10
123	413	391	8	398	460	10
124	370	493	22	1123	1188	10
125	447	267	19	761	806	10
126	232	101	24	916	976	10
127	371	332	14	1562	1672	10
128	447	383	17	1357	1398	10
129	325	147	14	1070	1120	10
130	489	437	29	1302	1335	10
131	415	95	15	924	1010	10
132	331	356	13	133	171	10
133	374	346	27	380	445	10
134	108	37	23	1601	1659	10
135	5	224	19	1557	1668	10
136	93	413	17	1006	1053	10
137	210	29	13	1405	1455	10
138	136	265	12	165	240	10
139	409	155	19	797	867	10
140	111	178	18	348	402	10
141	291	251	20	929	994	10
142	322	290	23	1006	1126	10
143	57	183	15	332	419	10
144	181	185	19	899	968	10
145	7	382	27	414	438	10
146	425	448	9	745	836	10
147	174	41	15	1175	1252	10
148	161	276	8	924	977	10
149	398	49	21	1188	1273	10
150	210	379	12	756	816	10
151	60	231	32	190	266	10
152	453	360	13	416	480	10
153	367	97	17	1453	1497	10
154	488	3	3	984	1051	10
155	44	115	24	789	818	10
156	48	293	22	521	582	10
157	64	135	11	619	676	10
158	65	62	15	748	855	10
159	404	207	6	1394	1408	10
160	68	303	22	553	629	10
161	263	418	25	1109	1181	10
162	147	30	26	1514	1577	10
163	384	149	18	441	461	10
164	340	416	36	301	371	10
165	271	128	12	1587	1641	10
166	89	358	23	1152	1229	10
167	20	480	25	801	904	10
168	488	173	25	1372	1460	10
169	439	156	2	327	361	10
170	389	156	27	759	855	10
171	111	392	18	1142	1177	10
172	267	162	6	1014	1071	10
173	248	176	32	1679	1736	10
174	413	476	34	1260	1308	10
175	352	481	15	318	379	10
176	264	135	1	786	854	10
177	29	462	17	394	448	10
178	148	462	10	943	997	10
179	44	140	11	1106	1183	10
180	414	378	23	735	832	10
181	392	95	16	1091	1170	10
182	216	341	19	234	287	10
183	211	411	15	1584	1631	10
184	317	45	8	1170	1233	10
185	178	150	33	476	536	10
186	428	302	27	1091	1159	10
187	450	45	24	755	828	10
188	453	318	30	1181	1222	10
189	186	135	24	675	761	10
190	11	403	18	1558	1631	10
191	433	447	20	268	349	10
192	272	420	7	1268	1308	10
193	429	59	9	407	484	10
194	200	27	22	1618	1686	10
195	498	171	12	442	495	10
196	487	320	21	1039	1091	10
197	45	166	22	1138	1209	10
198	490	276	33	1290	1318	10
199	126	391	19	1045	1112	10
200	92	18	8	954	1026	10
201	293	228	19	1587	1631	10
202	343	205	26	659	713	10
203	182	480	31	580	648	10
204	385	285	13	1658	1720	10
205	44	344	12	386	446	10
206	170	347	15	329	399	10
207	457	492	7	887	928	10
208	124	448	6	719	770	10
209	398	210	31	1615	1662	10
210	75	118	21	219	291	10
211	105	474	27	280	377	10
212	134	211	35	1397	1414	10
213	211	248	26	1414	1458	10
214	212	186	11	1392	1416	10
215	492	335	10	1450	1504	10
216	497	483	12	1306	1395	10
217	440	436	18	1254	1339	10
218	311	203	15	814	865	10
219	491	369	28	1542	1603	10
220	67	378	26	1097	1171	10
221	383	17	15	726	773	10
222	7	82	25	1524	1570	10
223	342	319	36	1026	1068	10
224	78	406	15	970	1062	10
225	103	123	8	368	398	10
226	241	38	16	786	828	10
227	224	3	10	1230	1301	10
228	436	467	12	697	770	10
229	438	488	18	1221	1309	10
230	351	60	15	1041	1148	10
231	13	214	21	531	604	10
232	429	67	16	684	740	10
233	498	456	27	1543	1592	10
234	135	400	20	1323	1368	10
235	215	293	13	292	362	10
236	354	416	10	1197	1248	10
237	294	421	26	176	259	10
238	208	445	22	769	811	10
239	230	320	8	1630	1674	10
240	157	38	3	1553	1601	10
241	441	100	31	533	594	10
242	61	170	20	286	338	10
243	79	467	22	906	960	10
244	365	190	22	924	988	10
245	282	1	18	1231	1276	10
246	124	111	15	662	723	10
247	247	219	17	1594	1652	10
248	28	180	34	1171	1222	10
249	167	488	17	994	1081	10
250	442	289	25	329	417	10
251	136	430	14	726	805	10
252	38	15	3	770	824	10
253	246	314	36	1097	1132	10
254	176	200	17	1373	1416	10
255	337	232	2	1124	1167	10
256	257	133	19	1475	1536	10
257	295	247	12	1056	1131	10
258	39	162	18	1494	1573	10
259	79	257	26	878	927	10
260	236	126	23	1349	1416	10
261	259	498	33	1130	1211	10
262	180	162	9	1677	1744	10
263	53	466	9	1541	1605	10
264	167	291	27	1540	1603	10
265	89	185	16	1379	1467	10
266	487	446	9	1477	1525	10
267	308	199	14	1200	1247	10
268	481	84	17	1082	1171	10
269	495	227	20	1417	1466	10
270	397	57	17	1612	1648	10
271	372	39	10	324	395	10
272	278	450	29	423	506	10
273	292	32	14	305	372	10
274	90	496	13	586	646	10
275	68	53	16	1474	1529	10
276	371	423	10	211	250	10
277	273	149	14	332	371	10
278	297	283	28	134	224	10
279	120	37	28	1572	1626	10
280	371	488	10	570	601	10
281	206	174	14	520	566	10
282	174	347	3	547	627	10
283	330	281	14	878	891	10
284	67	451	5	593	629	10
285	27	464	21	1210	1283	10
286	361	178	5	971	1009	10
287	463	406	23	468	569	10
288	456	157	20	276	307	10
289	153	244	5	1738	1789	10
290	153	192	13	1429	1505	10
291	352	63	6	501	544	10
292	371	71	21	216	266	10
293	163	472	9	340	414	10
294	448	495	40	681	754	10
295	282	10	30	260	345	10
296	66	163	6	786	836	10
297	314	205	22	78	152	10
298	83	169	21	1066	1126	10
299	221	291	9	1312	1353	10
300	374	116	9	1084	1149	10
301	418	269	3	1317	1365	10
302	178	302	19	1132	1208	10
303	250	57	26	515	584	10
304	475	352	33	798	837	10
305	1	252	5	1160	1204	10
306	286	356	30	1670	1709	10
307	65	82	13	1174	1255	10
308	154	392	9	1572	1596	10
309	196	56	15	278	350	10
310	366	390	23	1390	1464	10
311	436	25	19	1293	1350	10
312	67	352	20	928	982	10
313	173	182	25	331	418	10
314	390	34	7	382	415	10
315	18	225	8	749	842	10
316	57	43	15	421	505	10
317	388	44	22	411	471	10
318	269	112	19	1041	1076	10
319	374	260	27	1166	1213	10
320	291	213	23	55	143	10
321	178	420	18	728	773	10
322	389	255	15	260	322	10
323	134	194	19	645	698	10
324	93	490	2	527	609	10
325	64	294	12	235	288	10
326	493	111	26	279	331	10
327	150	484	16	352	436	10
328	235	316	2	1472	1558	10
329	239	15	2	352	409	10
330	193	138	30	1215	1261	10
331	40	278	10	495	514	10
332	307	52	23	1061	1108	10
333	161	416	25	1268	1345	10
334	381	457	28	1044	1133	10
335	55	318	13	1102	1173	10
336	80	279	19	1143	1218	10
337	48	162	15	379	437	10
338	91	27	14	763	828	10
339	288	70	24	640	713	10
340	177	404	17	1124	1187	10
341	10	237	19	658	730	10
342	493	493	20	380	464	10
343	440	292	24	913	980	10
344	349	76	15	613	660	10
345	47	208	30	1107	1166	10
346	283	454	14	714	799	10
347	486	324	15	247	283	10
348	392	87	23	1003	1075	10
349	122	422	3	1644	1700	10
350	37	281	17	533	644	10
351	413	127	28	680	737	10
352	222	499	7	1209	1292	10
353	211	446	15	1349	1403	10
354	30	7	23	327	392	10
355	398	341	33	203	263	10
356	26	67	15	1022	1079	10
357	461	186	16	1161	1243	10
358	313	391	5	1284	1339	10
359	471	94	30	495	540	10
360	341	72	9	668	739	10
361	130	186	16	255	361	10
362	257	57	18	929	1003	10
363	94	344	26	858	891	10
364	6	53	8	799	830	10
365	146	376	8	1298	1383	10
366	244	13	24	1107	1151	10
367	29	336	22	521	577	10
368	306	42	11	1166	1187	10
369	177	486	20	1514	1595	10
370	489	338	17	582	690	10
371	179	318	2	1212	1275	10
372	344	203	14	816	882	10
373	149	341	6	1503	1547	10
374	307	412	8	415	459	10
375	68	450	18	714	792	10
376	420	80	24	1356	1390	10
377	144	220	35	571	639	10
378	497	54	14	1398	1475	10
379	80	458	30	1546	1644	10
380	84	377	10	358	403	10
381	332	382	2	1481	1524	10
382	6	196	20	1289	1313	10
383	104	28	8	444	500	10
384	224	320	36	1145	1179	10
385	87	3	13	295	373	10
386	149	214	7	767	818	10
387	98	29	14	1164	1230	10
388	135	30	12	1457	1517	10
389	287	397	12	592	649	10
390	107	374	8	1626	1698	10
391	355	485	10	354	403	10
392	51	286	14	716	760	10
393	49	118	3	756	800	10
394	159	226	16	1125	1157	10
395	185	431	15	876	944	10
396	262	92	25	1519	1554	10
397	475	198	20	1056	1128	10
398	142	30	32	543	601	10
399	481	207	34	805	876	10
400	174	122	14	588	629	10
401	35	263	27	1441	1489	10
402	24	71	11	1129	1206	10
403	173	65	12	899	969	10
404	91	326	4	1595	1671	10
405	470	417	11	722	783	10
406	397	153	29	1365	1387	10
407	295	283	26	509	524	10
408	174	376	8	1594	1632	10
409	38	190	23	640	687	10
410	16	68	11	1030	1092	10
411	179	286	8	438	475	10
412	244	422	14	673	718	10
413	250	441	5	233	331	10
414	497	18	10	473	528	10
415	195	111	15	1520	1577	10
416	26	221	28	713	768	10
417	442	5	16	571	634	10
418	44	496	32	651	701	10
419	448	404	15	270	327	10
420	471	427	8	857	885	10
421	460	424	11	1034	1085	10
422	461	195	26	646	706	10
423	146	313	22	482	537	10
424	19	273	25	1141	1214	10
425	245	461	8	732	785	10
426	69	266	12	1359	1419	10
427	191	84	13	1039	1084	10
428	68	160	21	1446	1501	10
429	212	47	20	544	605	10
430	80	337	28	390	461	10
431	412	478	7	1517	1553	10
432	225	488	28	438	503	10
433	105	140	27	1267	1322	10
434	389	43	21	828	869	10
435	177	156	25	1198	1273	10
436	179	497	1	625	676	10
437	377	432	20	1183	1237	10
438	497	296	14	1071	1104	10
439	152	476	45	960	1051	10
440	277	428	7	964	1056	10
441	64	5	14	1524	1607	10
442	44	311	27	564	631	10
443	165	59	27	761	814	10
444	261	138	1	992	1043	10
445	268	351	7	462	498	10
446	48	150	15	977	1053	10
447	215	79	5	1047	1087	10
448	109	56	27	760	801	10
449	171	188	30	1458	1524	10
450	284	457	17	1372	1424	10
451	274	442	17	1439	1506	10
452	33	286	11	1162	1221	10
453	112	433	29	730	784	10
454	423	170	27	1501	1554	10
455	213	283	14	1806	1847	10
456	240	34	28	1360	1402	10
457	283	438	3	354	419	10
458	324	99	10	980	1062	10
459	259	301	25	1045	1120	10
460	189	402	10	802	903	10
461	215	282	21	309	366	10
462	166	440	12	1508	1549	10
463	374	232	33	384	436	10
464	339	113	14	819	879	10
465	335	46	18	1080	1139	10
466	313	493	20	1017	1066	10
467	432	66	30	586	668	10
468	76	462	18	521	589	10
469	397	477	13	1543	1622	10
470	196	489	23	1404	1492	10
471	354	156	20	819	877	10
472	171	24	11	1577	1675	10
473	187	73	18	764	818	10
474	243	408	15	1162	1215	10
475	421	387	15	1276	1363	10
476	141	426	23	716	754	10
477	415	118	19	215	278	10
478	240	255	33	1091	1163	10
479	162	388	11	1678	1751	10
480	413	493	26	656	719	10
481	69	414	6	1063	1118	10
482	273	70	36	722	760	10
483	142	14	18	478	559	10
484	185	434	9	1658	1719	10
485	360	294	9	883	898	10
486	265	240	9	635	699	10
487	280	245	21	912	1003	10
488	87	51	35	1445	1489	10
489	195	273	22	1519	1553	10
490	422	498	5	931	977	10
491	95	64	4	588	667	10
492	63	155	7	1388	1469	10
493	24	259	19	1618	1668	10
494	376	92	10	338	409	10
495	83	300	26	968	1041	10
496	72	477	46	1395	1429	10
497	380	194	3	800	855	10
498	72	227	25	388	424	10
499	238	123	24	1344	1424	10
500	188	119	44	379	450	10
501	229	322	11	491	543	10
502	150	68	23	962	1032	10
503	67	24	10	1194	1250	10
504	63	420	19	850	904	10
505	339	144	13	366	420	10
506	454	201	16	343	394	10
507	158	24	18	990	1055	10
508	365	119	30	1430	1474	10
509	440	284	25	1412	1446	10
510	417	212	12	491	540	10
511	404	439	3	1156	1187	10
512	472	248	11	1049	1110	10
513	235	108	12	166	211	10
514	174	67	15	784	867	10
515	132	151	22	842	908	10
516	217	207	26	1395	1446	10
517	162	306	22	528	602	10
518	48	366	29	856	896	10
519	209	68	27	216	273	10
520	94	497	31	895	983	10
521	110	122	14	390	447	10
522	274	403	17	1539	1626	10
523	421	386	29	1570	1670	10
524	399	175	13	1464	1494	10
525	56	268	28	1388	1466	10
526	322	406	17	218	272	10
527	244	277	18	802	899	10
528	105	181	19	934	983	10
529	30	97	23	286	356	10
530	359	246	18	812	886	10
531	498	457	15	1326	1399	10
532	190	267	36	574	623	10
533	334	481	32	571	640	10
534	18	24	32	1000	1072	10
535	482	104	19	1129	1192	10
536	460	328	13	1045	1115	10
537	320	211	16	1510	1567	10
538	494	165	19	1486	1543	10
539	167	445	7	1642	1703	10
540	340	291	22	599	684	10
541	272	234	26	1488	1557	10
542	325	56	13	1540	1574	10
543	71	304	19	1614	1661	10
544	87	311	7	756	808	10
545	207	487	4	1138	1208	10
546	332	5	14	945	1010	10
547	161	275	21	221	262	10
548	268	458	24	1148	1219	10
549	175	352	12	899	977	10
550	398	476	25	1442	1552	10
551	51	360	13	530	590	10
552	21	70	15	639	686	10
553	80	251	14	1291	1362	10
554	457	280	17	521	618	10
555	423	315	12	1571	1670	10
556	66	88	2	1297	1365	10
557	479	387	13	425	457	10
558	436	123	40	303	353	10
559	286	244	31	137	198	10
560	449	190	2	994	1044	10
561	456	113	17	558	591	10
562	480	152	26	816	865	10
563	100	266	5	602	662	10
564	343	34	7	907	933	10
565	374	306	4	234	299	10
566	13	465	31	512	573	10
567	230	487	20	504	540	10
568	442	153	29	1437	1515	10
569	240	362	23	926	1024	10
570	433	319	11	1526	1536	10
571	0	422	8	1035	1103	10
572	297	131	25	806	849	10
573	71	12	2	1511	1608	10
574	44	440	24	318	399	10
575	447	184	27	632	718	10
576	341	59	27	1644	1678	10
577	132	32	18	571	620	10
578	411	396	23	1395	1428	10
579	450	416	25	1426	1511	10
580	323	34	13	241	286	10
581	244	368	25	1226	1252	10
582	90	477	18	893	939	10
583	34	169	11	1542	1608	10
584	351	128	15	1020	1074	10
585	71	282	29	1253	1332	10
586	157	269	31	682	729	10
587	392	1	11	1306	1389	10
588	39	153	26	424	486	10
589	306	229	10	1617	1707	10
590	415	253	21	279	318	10
591	92	76	4	407	510	10
592	437	98	16	520	562	10
593	12	367	27	766	826	10
594	448	414	23	785	838	10
595	128	113	22	517	584	10
596	43	360	2	401	460	10
597	102	422	23	452	511	10
598	480	131	5	693	806	10
599	210	81	2	1208	1288	10
600	432	2	20	1509	1563	10
601	396	83	15	1382	1466	10
602	489	159	29	404	446	10
603	56	75	24	1493	1558	10
604	66	31	25	546	598	10
605	460	117	14	1461	1539	10
606	175	239	23	1762	1837	10
607	217	333	26	1574	1624	10
608	62	375	16	593	609	10
609	82	183	17	1305	1324	10
610	248	214	19	1814	1878	10
611	385	239	21	642	706	10
612	371	315	18	784	858	10
613	333	163	32	1018	1066	10
614	100	66	15	1525	1613	10
615	311	422	29	881	944	10
616	153	235	10	98	166	10
617	168	109	10	939	950	10
618	284	319	17	800	893	10
619	195	464	20	1611	1694	10
620	382	9	30	1282	1315	10
621	325	210	15	482	536	10
622	366	334	5	1463	1513	10
623	200	78	31	1412	1461	10
624	351	5	12	506	587	10
625	197	202	29	1192	1233	10
626	270	337	20	842	932	10
627	125	65	17	323	386	10
628	120	17	30	266	355	10
629	84	255	13	531	541	10
630	222	331	10	626	708	10
631	332	459	35	523	595	10
632	226	175	23	938	1016	10
633	404	140	8	1006	1097	10
634	223	178	20	570	641	10
635	330	308	24	1027	1120	10
636	140	108	29	1591	1690	10
637	34	239	16	1280	1353	10
638	94	192	1	1313	1374	10
639	458	213	22	1003	1061	10
640	13	314	14	368	385	10
641	202	391	30	755	846	10
642	339	41	6	253	317	10
643	224	56	13	952	1030	10
644	345	431	12	446	526	10
645	292	104	26	151	172	10
646	318	99	35	307	366	10
647	46	248	9	1645	1707	10
648	482	184	14	1451	1496	10
649	411	379	25	1144	1202	10
650	293	174	31	765	829	10
651	169	305	21	1389	1440	10
652	394	47	5	1108	1146	10
653	323	29	7	1511	1580	10
654	65	343	38	207	305	10
655	158	179	37	1177	1233	10
656	299	353	34	1561	1605	10
657	9	233	31	607	705	10
658	330	138	18	748	820	10
659	48	412	7	456	527	10
660	385	17	40	1248	1330	10
661	382	110	24	536	618	10
662	336	493	20	875	922	10
663	181	441	25	666	711	10
664	162	301	16	1323	1366	10
665	1	101	8	674	719	10
666	80	117	24	1553	1572	10
667	210	219	7	319	396	10
668	404	59	13	258	316	10
669	288	439	16	1337	1378	10
670	149	458	13	1035	1132	10
671	257	391	22	1507	1578	10
672	405	349	15	364	415	10
673	191	215	17	301	360	10
674	231	29	14	502	563	10
675	253	50	27	228	309	10
676	441	177	23	914	985	10
677	5	445	30	313	378	10
678	463	253	23	1012	1070	10
679	435	180	37	259	303	10
680	198	85	28	1298	1351	10
681	59	388	20	1365	1453	10
682	373	418	6	208	300	10
683	142	80	12	408	444	10
684	441	7	20	800	828	10
685	33	268	18	228	292	10
686	355	174	33	251	362	10
687	228	260	12	743	813	10
688	114	460	14	882	975	10
689	337	41	8	1493	1563	10
690	154	374	36	1008	1075	10
691	235	13	27	1271	1317	10
692	303	78	12	625	675	10
693	103	464	22	921	962	10
694	325	311	22	1610	1638	10
695	306	235	25	76	142	10
696	382	360	26	740	772	10
697	235	288	18	1639	1672	10
698	0	356	13	964	1058	10
699	178	135	21	287	341	10
700	226	423	15	608	667	10
701	15	11	15	1303	1337	10
702	144	35	26	374	420	10
703	176	199	28	297	378	10
704	247	306	33	912	977	10
705	396	417	13	1316	1395	10
706	289	220	19	614	677	10
707	23	235	43	475	530	10
708	137	377	23	194	244	10
709	400	71	17	1581	1631	10
710	261	359	10	175	248	10
711	438	127	2	1570	1589	10
712	318	280	21	1096	1175	10
713	333	293	27	1045	1106	10
714	436	295	11	1004	1087	10
715	62	94	16	524	579	10
716	495	355	3	914	957	10
717	13	394	15	1404	1442	10
718	172	292	17	807	878	10
719	14	232	18	296	366	10
720	437	90	12	428	496	10
721	214	274	24	355	403	10
722	420	383	27	1183	1244	10
723	120	261	5	484	592	10
724	179	75	13	984	1056	10
725	484	224	7	1570	1633	10
726	214	245	8	936	1023	10
727	395	474	26	590	666	10
728	368	311	14	1234	1305	10
729	199	203	20	1631	1724	10
730	485	428	22	716	814	10
731	86	199	23	964	1026	10
732	447	272	12	524	602	10
733	40	304	16	1527	1598	10
734	475	267	7	915	982	10
735	482	141	14	1332	1407	10
736	489	274	31	829	906	10
737	26	342	12	1315	1397	10
738	139	438	24	775	819	10
739	12	358	7	1044	1108	10
740	125	61	26	1157	1178	10
741	360	284	19	1004	1074	10
742	29	358	23	245	316	10
743	285	247	13	380	451	10
744	248	386	22	178	215	10
745	415	207	18	504	556	10
746	130	247	17	882	967	10
747	172	66	18	199	273	10
748	92	259	4	1270	1327	10
749	379	486	22	1564	1615	10
750	452	484	26	1569	1600	10
751	268	288	26	1036	1068	10
752	349	43	26	1520	1603	10
753	225	269	30	553	593	10
754	50	383	20	1276	1328	10
755	110	251	23	1588	1634	10
756	461	182	13	990	1046	10
757	255	487	19	513	581	10
758	133	202	33	576	631	10
759	34	329	2	229	290	10
760	368	452	16	902	948	10
761	242	106	28	1154	1230	10
762	171	303	18	1213	1254	10
763	329	456	19	220	285	10
764	490	286	29	664	705	10
765	61	214	4	1097	1173	10
766	365	74	24	1069	1109	10
767	321	149	18	870	912	10
768	84	453	19	609	645	10
769	26	442	23	686	744	10
770	180	283	23	1392	1437	10
771	394	322	12	1463	1495	10
772	348	348	23	1271	1310	10
773	309	161	23	1612	1672	10
774	385	58	24	737	850	10
775	228	287	21	1043	1100	10
776	312	453	6	253	341	10
777	35	344	21	1119	1171	10
778	393	98	13	1197	1276	10
779	208	488	22	1298	1367	10
780	235	33	30	348	405	10
781	140	137	32	1606	1645	10
782	405	187	34	1598	1661	10
783	330	371	1	607	664	10
784	265	0	10	1151	1185	10
785	295	89	23	181	244	10
786	3	23	11	1286	1382	10
787	363	225	35	902	976	10
788	148	208	22	1331	1407	10
789	466	362	15	1222	1265	10
790	267	290	15	1183	1234	10
791	98	2	14	770	826	10
792	131	246	17	1731	1770	10
793	418	75	11	706	755	10
794	366	260	23	174	221	10
795	138	28	23	1133	1191	10
796	209	212	18	1454	1522	10
797	443	167	17	1335	1395	10
798	156	65	22	1428	1473	10
799	279	355	9	274	318	10
800	206	172	29	724	770	10
801	32	94	14	1100	1165	10
802	301	239	31	693	742	10
803	471	368	19	918	941	10
804	133	273	20	154	215	10
805	253	74	20	906	943	10
806	470	405	17	522	598	10
807	77	172	23	686	753	10
808	77	465	11	537	547	10
809	466	96	22	1353	1425	10
810	402	277	5	1388	1452	10
811	267	374	23	250	304	10
812	450	194	27	666	739	10
813	89	65	16	1179	1232	10
814	429	389	18	316	380	10
815	202	28	22	835	898	10
816	46	389	22	1174	1250	10
817	246	407	12	470	496	10
818	452	110	14	245	284	10
819	213	185	21	74	129	10
820	134	276	15	1067	1099	10
821	262	97	17	628	662	10
822	469	489	4	808	856	10
823	364	71	5	472	542	10
824	68	240	11	583	593	10
825	494	468	31	743	789	10
826	439	222	22	215	299	10
827	386	225	13	1074	1144	10
828	434	359	13	1028	1066	10
829	103	177	28	1450	1538	10
830	89	322	21	861	919	10
831	307	249	10	312	366	10
832	30	155	9	529	599	10
833	401	314	25	1163	1212	10
834	217	357	23	584	644	10
835	373	421	21	1103	1161	10
836	5	281	16	1059	1074	10
837	173	474	14	1284	1344	10
838	36	301	21	497	579	10
839	429	169	8	1165	1227	10
840	195	450	16	918	966	10
841	95	382	19	203	226	10
842	225	121	18	401	450	10
843	10	407	36	304	400	10
844	221	269	14	1797	1880	10
845	264	180	33	1092	1171	10
846	168	59	6	495	546	10
847	281	96	1	1562	1610	10
848	387	349	9	953	982	10
849	398	329	17	1607	1662	10
850	239	486	3	1449	1509	10
851	237	420	15	909	968	10
852	346	354	8	748	783	10
853	172	314	9	707	791	10
854	233	230	20	128	151	10
855	79	80	19	828	870	10
856	243	402	13	243	312	10
857	117	110	13	722	776	10
858	66	314	26	706	717	10
859	58	391	16	429	518	10
860	142	360	20	919	987	10
861	492	326	19	1049	1124	10
862	381	328	12	195	216	10
863	62	236	29	345	426	10
864	344	70	24	548	636	10
865	151	81	28	214	283	10
866	240	240	35	907	967	10
867	46	163	8	859	933	10
868	455	168	21	714	801	10
869	428	202	24	1577	1625	10
870	432	199	7	294	343	10
871	391	112	24	523	574	10
872	451	305	13	1551	1570	10
873	214	311	14	990	1044	10
874	465	367	14	912	956	10
875	164	473	26	927	1000	10
876	364	173	30	1133	1180	10
877	274	261	20	1689	1747	10
878	133	455	25	1323	1365	10
879	351	481	10	308	383	10
880	115	395	11	1309	1375	10
881	297	304	4	1306	1417	10
882	7	194	29	670	740	10
883	409	255	23	922	986	10
884	87	213	18	430	511	10
885	60	246	25	698	767	10
886	3	471	13	1266	1306	10
887	418	251	21	168	242	10
888	153	362	7	340	423	10
889	323	77	36	647	686	10
890	143	158	12	1178	1245	10
891	351	148	30	1121	1131	10
892	426	38	23	620	656	10
893	226	316	21	298	366	10
894	347	192	18	1552	1579	10
895	102	6	3	1360	1422	10
896	41	120	22	1317	1353	10
897	247	443	17	766	849	10
898	218	271	16	216	281	10
899	376	385	12	1141	1179	10
900	241	402	11	278	365	10
901	213	399	18	480	542	10
902	32	191	5	1389	1457	10
903	441	374	10	258	325	10
904	376	113	8	221	281	10
905	215	434	9	505	552	10
906	499	316	18	819	918	10
907	318	497	21	910	974	10
908	256	441	34	1169	1242	10
909	174	397	32	725	775	10
910	468	360	16	1366	1457	10
911	287	256	18	799	888	10
912	448	397	33	1372	1448	10
913	352	487	27	650	688	10
914	253	118	19	1088	1190	10
915	159	299	12	409	468	10
916	351	233	21	1224	1276	10
917	268	113	21	916	940	10
918	164	332	19	507	585	10
919	88	484	5	907	922	10
920	360	488	19	316	360	10
921	343	166	28	1666	1777	10
922	497	266	25	322	391	10
923	138	406	8	1316	1365	10
924	420	224	10	273	329	10
925	231	410	14	990	1020	10
926	199	438	3	765	834	10
927	219	215	32	1693	1771	10
928	365	274	14	209	265	10
929	481	454	14	483	561	10
930	187	61	19	1351	1419	10
931	372	97	13	533	602	10
932	187	263	35	1389	1421	10
933	371	427	23	977	1026	10
934	74	215	10	713	734	10
935	375	145	12	1468	1558	10
936	365	28	9	682	722	10
937	118	314	26	1687	1768	10
938	60	29	32	784	826	10
939	478	300	12	452	552	10
940	33	152	17	957	1015	10
941	347	184	15	842	914	10
942	94	40	24	788	837	10
943	290	328	7	1642	1685	10
944	96	346	26	436	501	10
945	97	288	22	1097	1117	10
946	176	470	14	535	561	10
947	206	97	33	1597	1643	10
948	210	133	15	1561	1648	10
949	489	457	13	774	842	10
950	418	399	20	384	425	10
951	392	491	10	812	875	10
952	437	19	15	1165	1196	10
953	495	83	32	727	776	10
954	468	352	9	991	1098	10
955	390	120	24	1211	1271	10
956	80	357	1	941	988	10
957	394	310	10	908	988	10
958	61	441	27	1338	1396	10
959	52	303	25	982	1039	10
960	391	202	14	1478	1534	10
961	36	451	15	1475	1538	10
962	276	84	20	812	839	10
963	130	140	17	177	255	10
964	16	287	12	511	568	10
965	292	136	28	663	740	10
966	53	204	8	1048	1123	10
967	359	287	24	530	600	10
968	309	29	11	634	716	10
969	473	491	23	1409	1478	10
970	273	255	18	1795	1878	10
971	263	153	12	294	373	10
972	328	458	17	988	1079	10
973	401	164	13	513	547	10
974	480	119	7	754	805	10
975	488	96	22	815	865	10
976	149	98	4	640	701	10
977	49	437	7	311	365	10
978	440	77	14	1023	1102	10
979	43	135	31	356	452	10
980	188	151	7	157	173	10
981	175	422	24	866	898	10
982	48	437	4	402	422	10
983	334	403	26	1576	1639	10
984	372	115	13	1236	1261	10
985	111	192	11	1218	1270	10
986	357	290	24	1023	1061	10
987	331	134	11	1483	1567	10
988	495	199	25	608	668	10
989	441	60	21	269	329	10
990	51	89	19	1556	1639	10
991	452	206	31	867	932	10
992	195	386	13	1666	1713	10
993	172	24	17	1398	1442	10
994	408	318	15	340	405	10
995	410	399	25	270	329	10
996	413	345	20	970	1049	10
997	215	129	17	1618	1717	10
998	380	350	15	751	797	10
999	19	38	15	580	627	10
1000	166	247	1	1683	1757	10
