r1_10_1_100_10_8

VEHICLE
NUMBER	CAPACITY	WORLD_RECORD
250	200	250


CUSTOMER
CUST NO.   XCOORD.   YCOORD.    DEMAND   READY TIME   DUE DATE   SERVICE TIME

0	250	250	0	0	1925	0
1	171	34	21	1640	1650	10
2	67	190	25	979	989	10
3	80	400	10	1420	1430	10
4	439	237	11	1448	1458	10
5	377	385	6	1546	1556	10
6	449	428	25	685	695	10
7	342	481	18	920	930	10
8	466	149	16	478	488	10
9	83	290	14	1630	1640	10
10	251	63	14	1689	1699	10
11	328	491	21	300	310	10
12	260	472	33	702	712	10
13	290	145	5	1117	1127	10
14	266	221	9	767	777	10
15	164	320	12	540	550	10
16	52	412	22	1367	1377	10
17	485	104	21	799	809	10
18	144	331	13	1056	1066	10
19	387	394	8	669	679	10
20	472	57	17	1118	1128	10
21	343	276	15	1298	1308	10
22	104	349	20	1222	1232	10
23	28	467	34	1463	1473	10
24	91	427	14	821	831	10
25	429	476	23	344	354	10
26	210	276	5	1360	1370	10
27	58	39	12	544	554	10
28	273	300	30	82	92	10
29	41	232	16	1130	1140	10
30	25	53	23	1087	1097	10
31	52	18	28	447	457	10
32	27	444	22	1461	1471	10
33	178	72	23	453	463	10
34	406	460	2	1504	1514	10
35	250	328	24	1003	1013	10
36	492	34	5	1405	1415	10
37	412	100	1	1569	1579	10
38	233	87	18	1461	1471	10
39	60	5	18	717	727	10
40	406	408	15	980	990	10
41	245	42	24	1166	1176	10
42	166	345	14	1196	1206	10
43	440	294	16	1180	1190	10
44	370	382	11	1105	1115	10
45	32	319	21	735	745	10
46	480	136	22	928	938	10
47	371	163	21	251	261	10
48	0	188	26	840	850	10
49	438	5	18	1439	1449	10
50	132	477	25	1178	1188	10
51	203	211	20	687	697	10
52	2	264	40	830	840	10
53	231	167	15	1065	1075	10
54	423	221	9	1701	1711	10
55	459	53	20	1617	1627	10
56	386	154	31	1428	1438	10
57	130	494	6	772	782	10
58	31	175	24	1382	1392	10
59	69	423	32	1353	1363	10
60	352	241	5	443	453	10
61	261	201	15	1556	1566	10
62	59	276	11	323	333	10
63	146	188	6	548	558	10
64	451	62	5	368	378	10
65	299	285	3	338	348	10
66	142	372	18	1370	1380	10
67	440	201	29	421	431	10
68	219	210	14	763	773	10
69	64	198	10	487	497	10
70	390	249	21	1224	1234	10
71	9	101	16	533	543	10
72	424	288	13	679	689	10
73	77	372	19	1360	1370	10
74	298	264	36	1584	1594	10
75	405	454	11	358	368	10
76	407	35	11	680	690	10
77	225	369	38	445	455	10
78	347	459	25	1384	1394	10
79	117	178	28	154	164	10
80	132	479	11	1625	1635	10
81	201	66	14	578	588	10
82	245	176	20	1541	1551	10
83	470	138	16	1621	1631	10
84	115	296	24	1541	1551	10
85	348	476	19	1347	1357	10
86	43	210	20	604	614	10
87	327	139	13	425	435	10
88	49	353	15	1465	1475	10
89	356	256	19	125	135	10
90	335	99	25	1653	1663	10
91	363	34	19	325	335	10
92	33	278	18	352	362	10
93	366	288	29	1106	1116	10
94	452	172	9	301	311	10
95	86	189	21	1686	1696	10
96	262	369	15	503	513	10
97	218	403	15	240	250	10
98	218	12	3	1479	1489	10
99	228	399	14	1035	1045	10
100	492	188	33	706	716	10
101	267	174	34	1015	1025	10
102	274	441	12	718	728	10
103	210	113	28	1434	1444	10
104	370	262	15	1043	1053	10
105	303	186	10	1328	1338	10
106	241	180	13	390	400	10
107	100	85	14	669	679	10
108	350	199	21	1664	1674	10
109	500	228	8	711	721	10
110	251	238	27	579	589	10
111	114	102	21	806	816	10
112	345	146	27	719	729	10
113	21	146	21	443	453	10
114	330	147	28	965	975	10
115	476	61	36	1595	1605	10
116	386	245	16	148	158	10
117	201	278	13	547	557	10
118	421	499	23	614	624	10
119	426	231	24	862	872	10
120	105	137	32	1408	1418	10
121	64	437	11	1476	1486	10
122	181	260	23	1397	1407	10
123	413	391	8	1420	1430	10
124	370	493	22	955	965	10
125	447	267	19	934	944	10
126	232	101	24	968	978	10
127	371	332	14	990	1000	10
128	447	383	17	1541	1551	10
129	325	147	14	410	420	10
130	489	437	29	1285	1295	10
131	415	95	15	877	887	10
132	331	356	13	1354	1364	10
133	374	346	27	353	363	10
134	108	37	23	1649	1659	10
135	5	224	19	643	653	10
136	93	413	17	1626	1636	10
137	210	29	13	422	432	10
138	136	265	12	1314	1324	10
139	409	155	19	1530	1540	10
140	111	178	18	527	537	10
141	291	251	20	1819	1829	10
142	322	290	23	678	688	10
143	57	183	15	1181	1191	10
144	181	185	19	582	592	10
145	7	382	27	1357	1367	10
146	425	448	9	1538	1548	10
147	174	41	15	498	508	10
148	161	276	8	1673	1683	10
149	398	49	21	1218	1228	10
150	210	379	12	1751	1761	10
151	60	231	32	391	401	10
152	453	360	13	619	629	10
153	367	97	17	1215	1225	10
154	488	3	3	1246	1256	10
155	44	115	24	1382	1392	10
156	48	293	22	1412	1422	10
157	64	135	11	530	540	10
158	65	62	15	427	437	10
159	404	207	6	1257	1267	10
160	68	303	22	1076	1086	10
161	263	418	25	739	749	10
162	147	30	26	1604	1614	10
163	384	149	18	1035	1045	10
164	340	416	36	459	469	10
165	271	128	12	281	291	10
166	89	358	23	1517	1527	10
167	20	480	25	1174	1184	10
168	488	173	25	1258	1268	10
169	439	156	2	273	283	10
170	389	156	27	1276	1286	10
171	111	392	18	698	708	10
172	267	162	6	1192	1202	10
173	248	176	32	650	660	10
174	413	476	34	706	716	10
175	352	481	15	730	740	10
176	264	135	1	405	415	10
177	29	462	17	1107	1117	10
178	148	462	10	1569	1579	10
179	44	140	11	796	806	10
180	414	378	23	1633	1643	10
181	392	95	16	1677	1687	10
182	216	341	19	178	188	10
183	211	411	15	307	317	10
184	317	45	8	678	688	10
185	178	150	33	478	488	10
186	428	302	27	1497	1507	10
187	450	45	24	746	756	10
188	453	318	30	946	956	10
189	186	135	24	1201	1211	10
190	11	403	18	407	417	10
191	433	447	20	1042	1052	10
192	272	420	7	1322	1332	10
193	429	59	9	949	959	10
194	200	27	22	1496	1506	10
195	498	171	12	1311	1321	10
196	487	320	21	525	535	10
197	45	166	22	626	636	10
198	490	276	33	734	744	10
199	126	391	19	839	849	10
200	92	18	8	294	304	10
201	293	228	19	754	764	10
202	343	205	26	515	525	10
203	182	480	31	818	828	10
204	385	285	13	1755	1765	10
205	44	344	12	656	666	10
206	170	347	15	997	1007	10
207	457	492	7	577	587	10
208	124	448	6	1077	1087	10
209	398	210	31	313	323	10
210	75	118	21	1045	1055	10
211	105	474	27	582	592	10
212	134	211	35	517	527	10
213	211	248	26	1265	1275	10
214	212	186	11	1250	1260	10
215	492	335	10	554	564	10
216	497	483	12	938	948	10
217	440	436	18	622	632	10
218	311	203	15	172	182	10
219	491	369	28	840	850	10
220	67	378	26	717	727	10
221	383	17	15	1144	1154	10
222	7	82	25	428	438	10
223	342	319	36	159	169	10
224	78	406	15	1366	1376	10
225	103	123	8	1165	1175	10
226	241	38	16	800	810	10
227	224	3	10	560	570	10
228	436	467	12	1308	1318	10
229	438	488	18	761	771	10
230	351	60	15	1524	1534	10
231	13	214	21	1540	1550	10
232	429	67	16	423	433	10
233	498	456	27	1152	1162	10
234	135	400	20	1466	1476	10
235	215	293	13	1030	1040	10
236	354	416	10	803	813	10
237	294	421	26	1389	1399	10
238	208	445	22	1565	1575	10
239	230	320	8	86	96	10
240	157	38	3	268	278	10
241	441	100	31	1216	1226	10
242	61	170	20	384	394	10
243	79	467	22	1247	1257	10
244	365	190	22	1166	1176	10
245	282	1	18	882	892	10
246	124	111	15	718	728	10
247	247	219	17	943	953	10
248	28	180	34	305	315	10
249	167	488	17	1407	1417	10
250	442	289	25	651	661	10
251	136	430	14	1624	1634	10
252	38	15	3	771	781	10
253	246	314	36	1736	1746	10
254	176	200	17	1061	1071	10
255	337	232	2	1716	1726	10
256	257	133	19	980	990	10
257	295	247	12	567	577	10
258	39	162	18	327	337	10
259	79	257	26	1070	1080	10
260	236	126	23	1227	1237	10
261	259	498	33	1487	1497	10
262	180	162	9	818	828	10
263	53	466	9	1248	1258	10
264	167	291	27	1207	1217	10
265	89	185	16	356	366	10
266	487	446	9	834	844	10
267	308	199	14	486	496	10
268	481	84	17	593	603	10
269	495	227	20	541	551	10
270	397	57	17	1364	1374	10
271	372	39	10	578	588	10
272	278	450	29	1133	1143	10
273	292	32	14	856	866	10
274	90	496	13	1033	1043	10
275	68	53	16	523	533	10
276	371	423	10	468	478	10
277	273	149	14	792	802	10
278	297	283	28	822	832	10
279	120	37	28	1429	1439	10
280	371	488	10	1329	1339	10
281	206	174	14	461	471	10
282	174	347	3	1095	1105	10
283	330	281	14	441	451	10
284	67	451	5	422	432	10
285	27	464	21	580	590	10
286	361	178	5	729	739	10
287	463	406	23	1125	1135	10
288	456	157	20	317	327	10
289	153	244	5	1507	1517	10
290	153	192	13	594	604	10
291	352	63	6	1581	1591	10
292	371	71	21	1116	1126	10
293	163	472	9	847	857	10
294	448	495	40	410	420	10
295	282	10	30	423	433	10
296	66	163	6	603	613	10
297	314	205	22	1028	1038	10
298	83	169	21	1679	1689	10
299	221	291	9	978	988	10
300	374	116	9	1661	1671	10
301	418	269	3	424	434	10
302	178	302	19	1521	1531	10
303	250	57	26	371	381	10
304	475	352	33	1206	1216	10
305	1	252	5	690	700	10
306	286	356	30	589	599	10
307	65	82	13	580	590	10
308	154	392	9	1438	1448	10
309	196	56	15	1668	1678	10
310	366	390	23	655	665	10
311	436	25	19	771	781	10
312	67	352	20	761	771	10
313	173	182	25	1050	1060	10
314	390	34	7	866	876	10
315	18	225	8	1615	1625	10
316	57	43	15	1175	1185	10
317	388	44	22	628	638	10
318	269	112	19	828	838	10
319	374	260	27	1735	1745	10
320	291	213	23	1006	1016	10
321	178	420	18	735	745	10
322	389	255	15	1680	1690	10
323	134	194	19	1508	1518	10
324	93	490	2	444	454	10
325	64	294	12	762	772	10
326	493	111	26	1232	1242	10
327	150	484	16	1614	1624	10
328	235	316	2	1209	1219	10
329	239	15	2	1079	1089	10
330	193	138	30	1332	1342	10
331	40	278	10	1098	1108	10
332	307	52	23	336	346	10
333	161	416	25	1359	1369	10
334	381	457	28	897	907	10
335	55	318	13	559	569	10
336	80	279	19	788	798	10
337	48	162	15	1281	1291	10
338	91	27	14	1491	1501	10
339	288	70	24	388	398	10
340	177	404	17	290	300	10
341	10	237	19	1258	1268	10
342	493	493	20	1313	1323	10
343	440	292	24	656	666	10
344	349	76	15	1186	1196	10
345	47	208	30	871	881	10
346	283	454	14	860	870	10
347	486	324	15	1070	1080	10
348	392	87	23	1025	1035	10
349	122	422	3	519	529	10
350	37	281	17	695	705	10
351	413	127	28	886	896	10
352	222	499	7	1506	1516	10
353	211	446	15	764	774	10
354	30	7	23	1317	1327	10
355	398	341	33	1382	1392	10
356	26	67	15	890	900	10
357	461	186	16	429	439	10
358	313	391	5	1506	1516	10
359	471	94	30	1433	1443	10
360	341	72	9	554	564	10
361	130	186	16	1700	1710	10
362	257	57	18	993	1003	10
363	94	344	26	673	683	10
364	6	53	8	1470	1480	10
365	146	376	8	1719	1729	10
366	244	13	24	1221	1231	10
367	29	336	22	1316	1326	10
368	306	42	11	525	535	10
369	177	486	20	606	616	10
370	489	338	17	1477	1487	10
371	179	318	2	696	706	10
372	344	203	14	229	239	10
373	149	341	6	1536	1546	10
374	307	412	8	1374	1384	10
375	68	450	18	402	412	10
376	420	80	24	518	528	10
377	144	220	35	160	170	10
378	497	54	14	1353	1363	10
379	80	458	30	1483	1493	10
380	84	377	10	1665	1675	10
381	332	382	2	906	916	10
382	6	196	20	922	932	10
383	104	28	8	409	419	10
384	224	320	36	239	249	10
385	87	3	13	1488	1498	10
386	149	214	7	444	454	10
387	98	29	14	800	810	10
388	135	30	12	970	980	10
389	287	397	12	1513	1523	10
390	107	374	8	718	728	10
391	355	485	10	594	604	10
392	51	286	14	968	978	10
393	49	118	3	1121	1131	10
394	159	226	16	824	834	10
395	185	431	15	1049	1059	10
396	262	92	25	1098	1108	10
397	475	198	20	678	688	10
398	142	30	32	486	496	10
399	481	207	34	1401	1411	10
400	174	122	14	1557	1567	10
401	35	263	27	255	265	10
402	24	71	11	596	606	10
403	173	65	12	746	756	10
404	91	326	4	564	574	10
405	470	417	11	1402	1412	10
406	397	153	29	874	884	10
407	295	283	26	1462	1472	10
408	174	376	8	307	317	10
409	38	190	23	694	704	10
410	16	68	11	477	487	10
411	179	286	8	1557	1567	10
412	244	422	14	884	894	10
413	250	441	5	1055	1065	10
414	497	18	10	1104	1114	10
415	195	111	15	405	415	10
416	26	221	28	1088	1098	10
417	442	5	16	555	565	10
418	44	496	32	1085	1095	10
419	448	404	15	626	636	10
420	471	427	8	863	873	10
421	460	424	11	622	632	10
422	461	195	26	797	807	10
423	146	313	22	1737	1747	10
424	19	273	25	1205	1215	10
425	245	461	8	1394	1404	10
426	69	266	12	1030	1040	10
427	191	84	13	451	461	10
428	68	160	21	949	959	10
429	212	47	20	640	650	10
430	80	337	28	1714	1724	10
431	412	478	7	387	397	10
432	225	488	28	563	573	10
433	105	140	27	248	258	10
434	389	43	21	1055	1065	10
435	177	156	25	929	939	10
436	179	497	1	313	323	10
437	377	432	20	1616	1626	10
438	497	296	14	1460	1470	10
439	152	476	45	1518	1528	10
440	277	428	7	1657	1667	10
441	64	5	14	1171	1181	10
442	44	311	27	1530	1540	10
443	165	59	27	606	616	10
444	261	138	1	1358	1368	10
445	268	351	7	942	952	10
446	48	150	15	884	894	10
447	215	79	5	437	447	10
448	109	56	27	1538	1548	10
449	171	188	30	904	914	10
450	284	457	17	1669	1679	10
451	274	442	17	471	481	10
452	33	286	11	1399	1409	10
453	112	433	29	1435	1445	10
454	423	170	27	257	267	10
455	213	283	14	122	132	10
456	240	34	28	1016	1026	10
457	283	438	3	1566	1576	10
458	324	99	10	1395	1405	10
459	259	301	25	1651	1661	10
460	189	402	10	581	591	10
461	215	282	21	323	333	10
462	166	440	12	990	1000	10
463	374	232	33	1623	1633	10
464	339	113	14	1327	1337	10
465	335	46	18	1552	1562	10
466	313	493	20	1379	1389	10
467	432	66	30	1010	1020	10
468	76	462	18	950	960	10
469	397	477	13	1120	1130	10
470	196	489	23	1135	1145	10
471	354	156	20	1399	1409	10
472	171	24	11	642	652	10
473	187	73	18	702	712	10
474	243	408	15	1452	1462	10
475	421	387	15	229	239	10
476	141	426	23	1148	1158	10
477	415	118	19	1316	1326	10
478	240	255	33	210	220	10
479	162	388	11	1115	1125	10
480	413	493	26	548	558	10
481	69	414	6	737	747	10
482	273	70	36	820	830	10
483	142	14	18	603	613	10
484	185	434	9	652	662	10
485	360	294	9	321	331	10
486	265	240	9	1036	1046	10
487	280	245	21	1725	1735	10
488	87	51	35	272	282	10
489	195	273	22	841	851	10
490	422	498	5	864	874	10
491	95	64	4	632	642	10
492	63	155	7	1135	1145	10
493	24	259	19	237	247	10
494	376	92	10	1401	1411	10
495	83	300	26	1136	1146	10
496	72	477	46	835	845	10
497	380	194	3	249	259	10
498	72	227	25	1653	1663	10
499	238	123	24	1628	1638	10
500	188	119	44	1513	1523	10
501	229	322	11	1639	1649	10
502	150	68	23	1655	1665	10
503	67	24	10	1245	1255	10
504	63	420	19	1550	1560	10
505	339	144	13	147	157	10
506	454	201	16	1592	1602	10
507	158	24	18	564	574	10
508	365	119	30	1488	1498	10
509	440	284	25	480	490	10
510	417	212	12	1567	1577	10
511	404	439	3	1479	1489	10
512	472	248	11	1509	1519	10
513	235	108	12	665	675	10
514	174	67	15	1503	1513	10
515	132	151	22	1202	1212	10
516	217	207	26	163	173	10
517	162	306	22	550	560	10
518	48	366	29	941	951	10
519	209	68	27	844	854	10
520	94	497	31	1208	1218	10
521	110	122	14	533	543	10
522	274	403	17	1180	1190	10
523	421	386	29	630	640	10
524	399	175	13	1401	1411	10
525	56	268	28	840	850	10
526	322	406	17	1423	1433	10
527	244	277	18	1146	1156	10
528	105	181	19	637	647	10
529	30	97	23	997	1007	10
530	359	246	18	748	758	10
531	498	457	15	986	996	10
532	190	267	36	1419	1429	10
533	334	481	32	1641	1651	10
534	18	24	32	1223	1233	10
535	482	104	19	522	532	10
536	460	328	13	733	743	10
537	320	211	16	1153	1163	10
538	494	165	19	1100	1110	10
539	167	445	7	1025	1035	10
540	340	291	22	341	351	10
541	272	234	26	477	487	10
542	325	56	13	290	300	10
543	71	304	19	448	458	10
544	87	311	7	1019	1029	10
545	207	487	4	421	431	10
546	332	5	14	733	743	10
547	161	275	21	470	480	10
548	268	458	24	1081	1091	10
549	175	352	12	299	309	10
550	398	476	25	1387	1397	10
551	51	360	13	851	861	10
552	21	70	15	1610	1620	10
553	80	251	14	1108	1118	10
554	457	280	17	1404	1414	10
555	423	315	12	1714	1724	10
556	66	88	2	1030	1040	10
557	479	387	13	1053	1063	10
558	436	123	40	1574	1584	10
559	286	244	31	179	189	10
560	449	190	2	1561	1571	10
561	456	113	17	736	746	10
562	480	152	26	1384	1394	10
563	100	266	5	932	942	10
564	343	34	7	1422	1432	10
565	374	306	4	1768	1778	10
566	13	465	31	1121	1131	10
567	230	487	20	400	410	10
568	442	153	29	1660	1670	10
569	240	362	23	1226	1236	10
570	433	319	11	1427	1437	10
571	0	422	8	1191	1201	10
572	297	131	25	1577	1587	10
573	71	12	2	1564	1574	10
574	44	440	24	550	560	10
575	447	184	27	558	568	10
576	341	59	27	645	655	10
577	132	32	18	1103	1113	10
578	411	396	23	1081	1091	10
579	450	416	25	1569	1579	10
580	323	34	13	1121	1131	10
581	244	368	25	402	412	10
582	90	477	18	819	829	10
583	34	169	11	506	516	10
584	351	128	15	482	492	10
585	71	282	29	1238	1248	10
586	157	269	31	1107	1117	10
587	392	1	11	1345	1355	10
588	39	153	26	245	255	10
589	306	229	10	762	772	10
590	415	253	21	1158	1168	10
591	92	76	4	586	596	10
592	437	98	16	282	292	10
593	12	367	27	810	820	10
594	448	414	23	1603	1613	10
595	128	113	22	1699	1709	10
596	43	360	2	1240	1250	10
597	102	422	23	660	670	10
598	480	131	5	1100	1110	10
599	210	81	2	638	648	10
600	432	2	20	750	760	10
601	396	83	15	1518	1528	10
602	489	159	29	1295	1305	10
603	56	75	24	1113	1123	10
604	66	31	25	325	335	10
605	460	117	14	1084	1094	10
606	175	239	23	270	280	10
607	217	333	26	1276	1286	10
608	62	375	16	1247	1257	10
609	82	183	17	225	235	10
610	248	214	19	1007	1017	10
611	385	239	21	1185	1195	10
612	371	315	18	661	671	10
613	333	163	32	1035	1045	10
614	100	66	15	443	453	10
615	311	422	29	1354	1364	10
616	153	235	10	1460	1470	10
617	168	109	10	654	664	10
618	284	319	17	269	279	10
619	195	464	20	796	806	10
620	382	9	30	402	412	10
621	325	210	15	1090	1100	10
622	366	334	5	1388	1398	10
623	200	78	31	376	386	10
624	351	5	12	868	878	10
625	197	202	29	1364	1374	10
626	270	337	20	259	269	10
627	125	65	17	1390	1400	10
628	120	17	30	1122	1132	10
629	84	255	13	1591	1601	10
630	222	331	10	1374	1384	10
631	332	459	35	1489	1499	10
632	226	175	23	1215	1225	10
633	404	140	8	857	867	10
634	223	178	20	1351	1361	10
635	330	308	24	184	194	10
636	140	108	29	1526	1536	10
637	34	239	16	735	745	10
638	94	192	1	981	991	10
639	458	213	22	1009	1019	10
640	13	314	14	1505	1515	10
641	202	391	30	549	559	10
642	339	41	6	1573	1583	10
643	224	56	13	1564	1574	10
644	345	431	12	1093	1103	10
645	292	104	26	495	505	10
646	318	99	35	926	936	10
647	46	248	9	1251	1261	10
648	482	184	14	812	822	10
649	411	379	25	1313	1323	10
650	293	174	31	1235	1245	10
651	169	305	21	305	315	10
652	394	47	5	1519	1529	10
653	323	29	7	852	862	10
654	65	343	38	1648	1658	10
655	158	179	37	442	452	10
656	299	353	34	421	431	10
657	9	233	31	876	886	10
658	330	138	18	440	450	10
659	48	412	7	1639	1649	10
660	385	17	40	1237	1247	10
661	382	110	24	294	304	10
662	336	493	20	1616	1626	10
663	181	441	25	513	523	10
664	162	301	16	1175	1185	10
665	1	101	8	1093	1103	10
666	80	117	24	346	356	10
667	210	219	7	294	304	10
668	404	59	13	1250	1260	10
669	288	439	16	388	398	10
670	149	458	13	1309	1319	10
671	257	391	22	1017	1027	10
672	405	349	15	1233	1243	10
673	191	215	17	1446	1456	10
674	231	29	14	1529	1539	10
675	253	50	27	1041	1051	10
676	441	177	23	616	626	10
677	5	445	30	1088	1098	10
678	463	253	23	697	707	10
679	435	180	37	359	369	10
680	198	85	28	1363	1373	10
681	59	388	20	1395	1405	10
682	373	418	6	1132	1142	10
683	142	80	12	522	532	10
684	441	7	20	1517	1527	10
685	33	268	18	996	1006	10
686	355	174	33	1023	1033	10
687	228	260	12	284	294	10
688	114	460	14	565	575	10
689	337	41	8	1528	1538	10
690	154	374	36	1139	1149	10
691	235	13	27	1640	1650	10
692	303	78	12	1275	1285	10
693	103	464	22	1001	1011	10
694	325	311	22	1257	1267	10
695	306	235	25	680	690	10
696	382	360	26	480	490	10
697	235	288	18	60	70	10
698	0	356	13	1131	1141	10
699	178	135	21	598	608	10
700	226	423	15	1692	1702	10
701	15	11	15	1413	1423	10
702	144	35	26	1266	1276	10
703	176	199	28	1373	1383	10
704	247	306	33	1787	1797	10
705	396	417	13	1251	1261	10
706	289	220	19	1023	1033	10
707	23	235	43	772	782	10
708	137	377	23	1221	1231	10
709	400	71	17	237	247	10
710	261	359	10	190	200	10
711	438	127	2	278	288	10
712	318	280	21	1636	1646	10
713	333	293	27	181	191	10
714	436	295	11	1595	1605	10
715	62	94	16	569	579	10
716	495	355	3	1065	1075	10
717	13	394	15	674	684	10
718	172	292	17	466	476	10
719	14	232	18	517	527	10
720	437	90	12	944	954	10
721	214	274	24	1733	1743	10
722	420	383	27	1252	1262	10
723	120	261	5	244	254	10
724	179	75	13	816	826	10
725	484	224	7	1314	1324	10
726	214	245	8	1610	1620	10
727	395	474	26	1267	1277	10
728	368	311	14	846	856	10
729	199	203	20	794	804	10
730	485	428	22	1116	1126	10
731	86	199	23	198	208	10
732	447	272	12	1507	1517	10
733	40	304	16	602	612	10
734	475	267	7	947	957	10
735	482	141	14	1375	1385	10
736	489	274	31	1651	1661	10
737	26	342	12	1335	1345	10
738	139	438	24	1240	1250	10
739	12	358	7	1598	1608	10
740	125	61	26	1618	1628	10
741	360	284	19	767	777	10
742	29	358	23	1564	1574	10
743	285	247	13	483	493	10
744	248	386	22	636	646	10
745	415	207	18	1053	1063	10
746	130	247	17	1349	1359	10
747	172	66	18	291	301	10
748	92	259	4	1022	1032	10
749	379	486	22	1453	1463	10
750	452	484	26	434	444	10
751	268	288	26	1586	1596	10
752	349	43	26	1069	1079	10
753	225	269	30	186	196	10
754	50	383	20	1110	1120	10
755	110	251	23	1461	1471	10
756	461	182	13	1577	1587	10
757	255	487	19	1549	1559	10
758	133	202	33	797	807	10
759	34	329	2	362	372	10
760	368	452	16	1626	1636	10
761	242	106	28	886	896	10
762	171	303	18	1305	1315	10
763	329	456	19	335	345	10
764	490	286	29	414	424	10
765	61	214	4	892	902	10
766	365	74	24	663	673	10
767	321	149	18	1214	1224	10
768	84	453	19	1531	1541	10
769	26	442	23	1053	1063	10
770	180	283	23	430	440	10
771	394	322	12	1735	1745	10
772	348	348	23	1175	1185	10
773	309	161	23	406	416	10
774	385	58	24	1596	1606	10
775	228	287	21	60	70	10
776	312	453	6	1128	1138	10
777	35	344	21	556	566	10
778	393	98	13	1453	1463	10
779	208	488	22	829	839	10
780	235	33	30	574	584	10
781	140	137	32	310	320	10
782	405	187	34	352	362	10
783	330	371	1	253	263	10
784	265	0	10	290	300	10
785	295	89	23	988	998	10
786	3	23	11	1317	1327	10
787	363	225	35	142	152	10
788	148	208	22	351	361	10
789	466	362	15	1591	1601	10
790	267	290	15	1217	1227	10
791	98	2	14	1004	1014	10
792	131	246	17	1117	1127	10
793	418	75	11	838	848	10
794	366	260	23	1751	1761	10
795	138	28	23	1057	1067	10
796	209	212	18	199	209	10
797	443	167	17	660	670	10
798	156	65	22	1608	1618	10
799	279	355	9	1661	1671	10
800	206	172	29	801	811	10
801	32	94	14	1222	1232	10
802	301	239	31	596	606	10
803	471	368	19	310	320	10
804	133	273	20	1069	1079	10
805	253	74	20	523	533	10
806	470	405	17	915	925	10
807	77	172	23	1107	1117	10
808	77	465	11	1545	1555	10
809	466	96	22	1130	1140	10
810	402	277	5	1232	1242	10
811	267	374	23	573	583	10
812	450	194	27	481	491	10
813	89	65	16	1054	1064	10
814	429	389	18	988	998	10
815	202	28	22	654	664	10
816	46	389	22	1084	1094	10
817	246	407	12	1238	1248	10
818	452	110	14	1130	1140	10
819	213	185	21	819	829	10
820	134	276	15	1569	1579	10
821	262	97	17	1443	1453	10
822	469	489	4	928	938	10
823	364	71	5	1435	1445	10
824	68	240	11	916	926	10
825	494	468	31	1089	1099	10
826	439	222	22	1650	1660	10
827	386	225	13	276	286	10
828	434	359	13	1174	1184	10
829	103	177	28	934	944	10
830	89	322	21	656	666	10
831	307	249	10	1097	1107	10
832	30	155	9	1459	1469	10
833	401	314	25	1407	1417	10
834	217	357	23	1030	1040	10
835	373	421	21	823	833	10
836	5	281	16	1029	1039	10
837	173	474	14	1350	1360	10
838	36	301	21	1268	1278	10
839	429	169	8	610	620	10
840	195	450	16	701	711	10
841	95	382	19	1440	1450	10
842	225	121	18	503	513	10
843	10	407	36	523	533	10
844	221	269	14	836	846	10
845	264	180	33	1766	1776	10
846	168	59	6	483	493	10
847	281	96	1	937	947	10
848	387	349	9	456	466	10
849	398	329	17	1070	1080	10
850	239	486	3	1206	1216	10
851	237	420	15	1274	1284	10
852	346	354	8	156	166	10
853	172	314	9	1772	1782	10
854	233	230	20	944	954	10
855	79	80	19	533	543	10
856	243	402	13	898	908	10
857	117	110	13	1607	1617	10
858	66	314	26	670	680	10
859	58	391	16	1035	1045	10
860	142	360	20	225	235	10
861	492	326	19	1071	1081	10
862	381	328	12	1131	1141	10
863	62	236	29	877	887	10
864	344	70	24	858	868	10
865	151	81	28	1311	1321	10
866	240	240	35	1816	1826	10
867	46	163	8	532	542	10
868	455	168	21	622	632	10
869	428	202	24	1192	1202	10
870	432	199	7	747	757	10
871	391	112	24	783	793	10
872	451	305	13	932	942	10
873	214	311	14	232	242	10
874	465	367	14	316	326	10
875	164	473	26	609	619	10
876	364	173	30	1109	1119	10
877	274	261	20	52	62	10
878	133	455	25	761	771	10
879	351	481	10	883	893	10
880	115	395	11	1384	1394	10
881	297	304	4	514	524	10
882	7	194	29	454	464	10
883	409	255	23	1058	1068	10
884	87	213	18	459	469	10
885	60	246	25	210	220	10
886	3	471	13	1235	1245	10
887	418	251	21	1480	1490	10
888	153	362	7	559	569	10
889	323	77	36	293	303	10
890	143	158	12	1758	1768	10
891	351	148	30	1637	1647	10
892	426	38	23	1347	1357	10
893	226	316	21	1104	1114	10
894	347	192	18	1346	1356	10
895	102	6	3	1476	1486	10
896	41	120	22	1577	1587	10
897	247	443	17	467	477	10
898	218	271	16	1225	1235	10
899	376	385	12	959	969	10
900	241	402	11	503	513	10
901	213	399	18	795	805	10
902	32	191	5	1062	1072	10
903	441	374	10	763	773	10
904	376	113	8	1489	1499	10
905	215	434	9	1447	1457	10
906	499	316	18	1240	1250	10
907	318	497	21	392	402	10
908	256	441	34	1300	1310	10
909	174	397	32	1553	1563	10
910	468	360	16	1207	1217	10
911	287	256	18	668	678	10
912	448	397	33	521	531	10
913	352	487	27	959	969	10
914	253	118	19	247	257	10
915	159	299	12	1253	1263	10
916	351	233	21	1722	1732	10
917	268	113	21	1239	1249	10
918	164	332	19	1469	1479	10
919	88	484	5	627	637	10
920	360	488	19	268	278	10
921	343	166	28	433	443	10
922	497	266	25	703	713	10
923	138	406	8	1527	1537	10
924	420	224	10	1602	1612	10
925	231	410	14	1388	1398	10
926	199	438	3	1703	1713	10
927	219	215	32	553	563	10
928	365	274	14	209	219	10
929	481	454	14	830	840	10
930	187	61	19	1165	1175	10
931	372	97	13	1203	1213	10
932	187	263	35	1703	1713	10
933	371	427	23	1406	1416	10
934	74	215	10	1297	1307	10
935	375	145	12	693	703	10
936	365	28	9	1407	1417	10
937	118	314	26	1382	1392	10
938	60	29	32	1125	1135	10
939	478	300	12	1217	1227	10
940	33	152	17	1606	1616	10
941	347	184	15	1197	1207	10
942	94	40	24	968	978	10
943	290	328	7	332	342	10
944	96	346	26	636	646	10
945	97	288	22	1596	1606	10
946	176	470	14	1489	1499	10
947	206	97	33	648	658	10
948	210	133	15	1720	1730	10
949	489	457	13	1109	1119	10
950	418	399	20	1205	1215	10
951	392	491	10	489	499	10
952	437	19	15	1459	1469	10
953	495	83	32	1430	1440	10
954	468	352	9	410	420	10
955	390	120	24	579	589	10
956	80	357	1	1481	1491	10
957	394	310	10	1428	1438	10
958	61	441	27	1137	1147	10
959	52	303	25	1656	1666	10
960	391	202	14	157	167	10
961	36	451	15	399	409	10
962	276	84	20	571	581	10
963	130	140	17	963	973	10
964	16	287	12	1399	1409	10
965	292	136	28	891	901	10
966	53	204	8	1195	1205	10
967	359	287	24	326	336	10
968	309	29	11	1552	1562	10
969	473	491	23	1445	1455	10
970	273	255	18	347	357	10
971	263	153	12	1144	1154	10
972	328	458	17	1001	1011	10
973	401	164	13	1004	1014	10
974	480	119	7	1479	1489	10
975	488	96	22	541	551	10
976	149	98	4	296	306	10
977	49	437	7	315	325	10
978	440	77	14	342	352	10
979	43	135	31	1154	1164	10
980	188	151	7	420	430	10
981	175	422	24	507	517	10
982	48	437	4	1528	1538	10
983	334	403	26	549	559	10
984	372	115	13	353	363	10
985	111	192	11	1568	1578	10
986	357	290	24	1584	1594	10
987	331	134	11	778	788	10
988	495	199	25	1037	1047	10
989	441	60	21	1216	1226	10
990	51	89	19	959	969	10
991	452	206	31	1482	1492	10
992	195	386	13	451	461	10
993	172	24	17	449	459	10
994	408	318	15	801	811	10
995	410	399	25	811	821	10
996	413	345	20	513	523	10
997	215	129	17	138	148	10
998	380	350	15	412	422	10
999	19	38	15	399	409	10
1000	166	247	1	1820	1830	10
