r1_10_1_100_norm120-30_8

VEHICLE
NUMBER	CAPACITY	WORLD_RECORD
250	200	250


CUSTOMER
CUST NO.   XCOORD.   YCOORD.    DEMAND   READY TIME   DUE DATE   SERVICE TIME

0	250	250	0	0	1925	0
1	171	34	21	1582	1685	10
2	67	190	25	938	1030	10
3	80	400	10	1363	1487	10
4	439	237	11	1377	1529	10
5	377	385	6	1500	1602	10
6	449	428	25	634	745	10
7	342	481	18	893	957	10
8	466	149	16	420	545	10
9	83	290	14	1585	1684	10
10	251	63	14	1638	1727	10
11	328	491	21	253	374	10
12	260	472	33	652	761	10
13	290	145	5	1038	1206	10
14	266	221	9	704	840	10
15	164	320	12	485	605	10
16	52	412	22	1316	1427	10
17	485	104	21	734	874	10
18	144	331	13	976	1146	10
19	387	394	8	634	714	10
20	472	57	17	1060	1185	10
21	343	276	15	1246	1360	10
22	104	349	20	1164	1290	10
23	28	467	34	1410	1526	10
24	91	427	14	726	926	10
25	429	476	23	294	403	10
26	210	276	5	1320	1409	10
27	58	39	12	475	623	10
28	273	300	30	55	155	10
29	41	232	16	1083	1187	10
30	25	53	23	1025	1159	10
31	52	18	28	436	468	10
32	27	444	22	1375	1556	10
33	178	72	23	380	536	10
34	406	460	2	1447	1571	10
35	250	328	24	933	1083	10
36	492	34	5	1359	1460	10
37	412	100	1	1498	1650	10
38	233	87	18	1404	1527	10
39	60	5	18	653	791	10
40	406	408	15	936	1033	10
41	245	42	24	1124	1217	10
42	166	345	14	1156	1245	10
43	440	294	16	1128	1241	10
44	370	382	11	1029	1190	10
45	32	319	21	664	816	10
46	480	136	22	865	1000	10
47	371	163	21	212	299	10
48	0	188	26	785	905	10
49	438	5	18	1381	1507	10
50	132	477	25	1120	1245	10
51	203	211	20	638	746	10
52	2	264	40	787	883	10
53	231	167	15	995	1145	10
54	423	221	9	1676	1735	10
55	459	53	20	1519	1627	10
56	386	154	31	1365	1500	10
57	130	494	6	704	850	10
58	31	175	24	1321	1453	10
59	69	423	32	1289	1427	10
60	352	241	5	392	503	10
61	261	201	15	1512	1609	10
62	59	276	11	263	393	10
63	146	188	6	467	639	10
64	451	62	5	309	437	10
65	299	285	3	271	415	10
66	142	372	18	1308	1441	10
67	440	201	29	355	496	10
68	219	210	14	691	845	10
69	64	198	10	404	579	10
70	390	249	21	1206	1251	10
71	9	101	16	470	605	10
72	424	288	13	602	765	10
73	77	372	19	1310	1420	10
74	298	264	36	1531	1647	10
75	405	454	11	275	451	10
76	407	35	11	611	759	10
77	225	369	38	375	524	10
78	347	459	25	1340	1438	10
79	117	178	28	151	236	10
80	132	479	11	1521	1657	10
81	201	66	14	539	627	10
82	245	176	20	1490	1601	10
83	470	138	16	1565	1668	10
84	115	296	24	1460	1631	10
85	348	476	19	1296	1407	10
86	43	210	20	554	663	10
87	327	139	13	367	493	10
88	49	353	15	1419	1520	10
89	356	256	19	106	195	10
90	335	99	25	1612	1704	10
91	363	34	19	268	392	10
92	33	278	18	293	420	10
93	366	288	29	1070	1152	10
94	452	172	9	245	366	10
95	86	189	21	1601	1740	10
96	262	369	15	457	559	10
97	218	403	15	175	314	10
98	218	12	3	1415	1552	10
99	228	399	14	946	1134	10
100	492	188	33	645	777	10
101	267	174	34	957	1083	10
102	274	441	12	643	803	10
103	210	113	28	1381	1496	10
104	370	262	15	1001	1094	10
105	303	186	10	1272	1394	10
106	241	180	13	341	449	10
107	100	85	14	630	718	10
108	350	199	21	1633	1704	10
109	500	228	8	653	779	10
110	251	238	27	537	630	10
111	114	102	21	758	864	10
112	345	146	27	645	802	10
113	21	146	21	417	478	10
114	330	147	28	944	996	10
115	476	61	36	1490	1620	10
116	386	245	16	136	272	10
117	201	278	13	487	617	10
118	421	499	23	555	682	10
119	426	231	24	799	934	10
120	105	137	32	1354	1471	10
121	64	437	11	1419	1542	10
122	181	260	23	1345	1459	10
123	413	391	8	1356	1493	10
124	370	493	22	897	1022	10
125	447	267	19	889	989	10
126	232	101	24	898	1047	10
127	371	332	14	957	1033	10
128	447	383	17	1488	1604	10
129	325	147	14	357	473	10
130	489	437	29	1221	1358	10
131	415	95	15	823	940	10
132	331	356	13	1290	1427	10
133	374	346	27	333	382	10
134	108	37	23	1572	1659	10
135	5	224	19	587	709	10
136	93	413	17	1541	1688	10
137	210	29	13	374	480	10
138	136	265	12	1267	1370	10
139	409	155	19	1460	1609	10
140	111	178	18	475	589	10
141	291	251	20	1718	1873	10
142	322	290	23	636	729	10
143	57	183	15	1139	1233	10
144	181	185	19	531	643	10
145	7	382	27	1309	1415	10
146	425	448	9	1463	1622	10
147	174	41	15	442	563	10
148	161	276	8	1626	1730	10
149	398	49	21	1195	1250	10
150	210	379	12	1669	1779	10
151	60	231	32	324	468	10
152	453	360	13	538	710	10
153	367	97	17	1178	1262	10
154	488	3	3	1196	1306	10
155	44	115	24	1302	1471	10
156	48	293	22	1367	1467	10
157	64	135	11	472	597	10
158	65	62	15	381	482	10
159	404	207	6	1184	1340	10
160	68	303	22	1016	1145	10
161	263	418	25	687	800	10
162	147	30	26	1555	1662	10
163	384	149	18	992	1087	10
164	340	416	36	424	504	10
165	271	128	12	216	355	10
166	89	358	23	1454	1590	10
167	20	480	25	1114	1244	10
168	488	173	25	1236	1289	10
169	439	156	2	211	368	10
170	389	156	27	1232	1330	10
171	111	392	18	637	769	10
172	267	162	6	1123	1270	10
173	248	176	32	603	707	10
174	413	476	34	634	788	10
175	352	481	15	677	793	10
176	264	135	1	334	485	10
177	29	462	17	1030	1193	10
178	148	462	10	1500	1647	10
179	44	140	11	770	831	10
180	414	378	23	1586	1690	10
181	392	95	16	1511	1704	10
182	216	341	19	133	232	10
183	211	411	15	262	361	10
184	317	45	8	652	714	10
185	178	150	33	405	560	10
186	428	302	27	1436	1567	10
187	450	45	24	688	813	10
188	453	318	30	889	1013	10
189	186	135	24	1139	1273	10
190	11	403	18	359	465	10
191	433	447	20	992	1102	10
192	272	420	7	1257	1397	10
193	429	59	9	893	1014	10
194	200	27	22	1448	1553	10
195	498	171	12	1247	1384	10
196	487	320	21	474	585	10
197	45	166	22	568	693	10
198	490	276	33	694	783	10
199	126	391	19	777	910	10
200	92	18	8	280	431	10
201	293	228	19	693	824	10
202	343	205	26	479	560	10
203	182	480	31	743	903	10
204	385	285	13	1637	1775	10
205	44	344	12	604	717	10
206	170	347	15	922	1081	10
207	457	492	7	536	627	10
208	124	448	6	1022	1142	10
209	398	210	31	258	377	10
210	75	118	21	994	1105	10
211	105	474	27	507	667	10
212	134	211	35	462	581	10
213	211	248	26	1203	1337	10
214	212	186	11	1188	1321	10
215	492	335	10	512	606	10
216	497	483	12	885	1000	10
217	440	436	18	580	674	10
218	311	203	15	119	234	10
219	491	369	28	812	877	10
220	67	378	26	668	776	10
221	383	17	15	1087	1211	10
222	7	82	25	379	486	10
223	342	319	36	115	267	10
224	78	406	15	1279	1462	10
225	103	123	8	1101	1238	10
226	241	38	16	734	875	10
227	224	3	10	510	619	10
228	436	467	12	1260	1366	10
229	438	488	18	708	824	10
230	351	60	15	1467	1590	10
231	13	214	21	1460	1629	10
232	429	67	16	378	477	10
233	498	456	27	1122	1191	10
234	135	400	20	1439	1502	10
235	215	293	13	948	1122	10
236	354	416	10	755	860	10
237	294	421	26	1356	1431	10
238	208	445	22	1513	1627	10
239	230	320	8	72	180	10
240	157	38	3	231	340	10
241	441	100	31	1173	1268	10
242	61	170	20	353	424	10
243	79	467	22	1194	1310	10
244	365	190	22	1107	1235	10
245	282	1	18	840	934	10
246	124	111	15	659	787	10
247	247	219	17	891	1005	10
248	28	180	34	259	360	10
249	167	488	17	1327	1496	10
250	442	289	25	604	708	10
251	136	430	14	1577	1681	10
252	38	15	3	707	844	10
253	246	314	36	1698	1783	10
254	176	200	17	988	1143	10
255	337	232	2	1670	1772	10
256	257	133	19	929	1040	10
257	295	247	12	533	610	10
258	39	162	18	270	394	10
259	79	257	26	1028	1121	10
260	236	126	23	1176	1287	10
261	259	498	33	1418	1566	10
262	180	162	9	765	880	10
263	53	466	9	1188	1318	10
264	167	291	27	1147	1277	10
265	89	185	16	316	405	10
266	487	446	9	771	906	10
267	308	199	14	437	545	10
268	481	84	17	513	682	10
269	495	227	20	497	594	10
270	397	57	17	1304	1434	10
271	372	39	10	516	649	10
272	278	450	29	1101	1175	10
273	292	32	14	800	922	10
274	90	496	13	987	1088	10
275	68	53	16	477	578	10
276	371	423	10	394	552	10
277	273	149	14	743	851	10
278	297	283	28	760	893	10
279	120	37	28	1361	1506	10
280	371	488	10	1267	1401	10
281	206	174	14	414	518	10
282	174	347	3	1062	1137	10
283	330	281	14	372	520	10
284	67	451	5	377	476	10
285	27	464	21	498	672	10
286	361	178	5	672	795	10
287	463	406	23	1078	1182	10
288	456	157	20	268	376	10
289	153	244	5	1446	1577	10
290	153	192	13	554	644	10
291	352	63	6	1517	1655	10
292	371	71	21	1055	1186	10
293	163	472	9	764	939	10
294	448	495	40	361	468	10
295	282	10	30	383	472	10
296	66	163	6	535	680	10
297	314	205	22	969	1096	10
298	83	169	21	1619	1729	10
299	221	291	9	937	1029	10
300	374	116	9	1601	1730	10
301	418	269	3	362	495	10
302	178	302	19	1474	1578	10
303	250	57	26	328	424	10
304	475	352	33	1162	1260	10
305	1	252	5	633	756	10
306	286	356	30	521	666	10
307	65	82	13	531	638	10
308	154	392	9	1390	1495	10
309	196	56	15	1598	1713	10
310	366	390	23	634	685	10
311	436	25	19	734	818	10
312	67	352	20	711	821	10
313	173	182	25	998	1112	10
314	390	34	7	821	920	10
315	18	225	8	1571	1668	10
316	57	43	15	1126	1233	10
317	388	44	22	568	698	10
318	269	112	19	779	886	10
319	374	260	27	1664	1790	10
320	291	213	23	975	1047	10
321	178	420	18	660	820	10
322	389	255	15	1615	1755	10
323	134	194	19	1452	1573	10
324	93	490	2	393	504	10
325	64	294	12	694	840	10
326	493	111	26	1179	1294	10
327	150	484	16	1518	1660	10
328	235	316	2	1159	1269	10
329	239	15	2	1010	1157	10
330	193	138	30	1293	1380	10
331	40	278	10	1026	1179	10
332	307	52	23	270	411	10
333	161	416	25	1304	1423	10
334	381	457	28	820	983	10
335	55	318	13	512	615	10
336	80	279	19	752	833	10
337	48	162	15	1225	1346	10
338	91	27	14	1449	1543	10
339	288	70	24	348	438	10
340	177	404	17	259	331	10
341	10	237	19	1217	1309	10
342	493	493	20	1234	1402	10
343	440	292	24	613	709	10
344	349	76	15	1134	1247	10
345	47	208	30	825	927	10
346	283	454	14	810	920	10
347	486	324	15	1013	1136	10
348	392	87	23	981	1078	10
349	122	422	3	447	601	10
350	37	281	17	648	751	10
351	413	127	28	861	921	10
352	222	499	7	1443	1579	10
353	211	446	15	718	819	10
354	30	7	23	1263	1381	10
355	398	341	33	1347	1426	10
356	26	67	15	854	935	10
357	461	186	16	383	484	10
358	313	391	5	1435	1587	10
359	471	94	30	1362	1514	10
360	341	72	9	510	608	10
361	130	186	16	1653	1756	10
362	257	57	18	966	1029	10
363	94	344	26	592	763	10
364	6	53	8	1386	1564	10
365	146	376	8	1700	1747	10
366	244	13	24	1167	1285	10
367	29	336	22	1244	1398	10
368	306	42	11	500	560	10
369	177	486	20	552	670	10
370	489	338	17	1440	1524	10
371	179	318	2	629	773	10
372	344	203	14	169	299	10
373	149	341	6	1487	1594	10
374	307	412	8	1303	1454	10
375	68	450	18	354	459	10
376	420	80	24	463	582	10
377	144	220	35	111	218	10
378	497	54	14	1302	1414	10
379	80	458	30	1436	1540	10
380	84	377	10	1620	1705	10
381	332	382	2	823	998	10
382	6	196	20	884	970	10
383	104	28	8	348	480	10
384	224	320	36	213	274	10
385	87	3	13	1402	1584	10
386	149	214	7	393	504	10
387	98	29	14	743	866	10
388	135	30	12	897	1053	10
389	287	397	12	1463	1572	10
390	107	374	8	658	788	10
391	355	485	10	556	641	10
392	51	286	14	927	1019	10
393	49	118	3	1070	1182	10
394	159	226	16	767	890	10
395	185	431	15	1001	1106	10
396	262	92	25	1047	1158	10
397	475	198	20	623	742	10
398	142	30	32	434	547	10
399	481	207	34	1344	1468	10
400	174	122	14	1490	1633	10
401	35	263	27	215	341	10
402	24	71	11	545	657	10
403	173	65	12	705	797	10
404	91	326	4	507	631	10
405	470	417	11	1365	1448	10
406	397	153	29	809	948	10
407	295	283	26	1390	1544	10
408	174	376	8	268	356	10
409	38	190	23	646	752	10
410	16	68	11	429	534	10
411	179	286	8	1491	1632	10
412	244	422	14	850	928	10
413	250	441	5	995	1125	10
414	497	18	10	1034	1183	10
415	195	111	15	333	487	10
416	26	221	28	1051	1134	10
417	442	5	16	520	600	10
418	44	496	32	1052	1127	10
419	448	404	15	596	665	10
420	471	427	8	834	902	10
421	460	424	11	566	687	10
422	461	195	26	750	854	10
423	146	313	22	1647	1793	10
424	19	273	25	1124	1296	10
425	245	461	8	1344	1454	10
426	69	266	12	994	1076	10
427	191	84	13	396	516	10
428	68	160	21	906	1001	10
429	212	47	20	603	687	10
430	80	337	28	1600	1724	10
431	412	478	7	337	446	10
432	225	488	28	513	623	10
433	105	140	27	191	315	10
434	389	43	21	995	1124	10
435	177	156	25	847	1020	10
436	179	497	1	274	362	10
437	377	432	20	1553	1688	10
438	497	296	14	1406	1524	10
439	152	476	45	1461	1585	10
440	277	428	7	1541	1734	10
441	64	5	14	1089	1262	10
442	44	311	27	1453	1617	10
443	165	59	27	571	651	10
444	261	138	1	1319	1407	10
445	268	351	7	886	1007	10
446	48	150	15	814	964	10
447	215	79	5	402	482	10
448	109	56	27	1450	1636	10
449	171	188	30	825	993	10
450	284	457	17	1568	1705	10
451	274	442	17	408	544	10
452	33	286	11	1320	1488	10
453	112	433	29	1401	1478	10
454	423	170	27	225	298	10
455	213	283	14	53	201	10
456	240	34	28	978	1063	10
457	283	438	3	1507	1634	10
458	324	99	10	1327	1473	10
459	259	301	25	1616	1696	10
460	189	402	10	503	668	10
461	215	282	21	283	372	10
462	166	440	12	925	1065	10
463	374	232	33	1555	1701	10
464	339	113	14	1271	1393	10
465	335	46	18	1486	1628	10
466	313	493	20	1317	1451	10
467	432	66	30	960	1069	10
468	76	462	18	880	1029	10
469	397	477	13	1060	1190	10
470	196	489	23	1093	1186	10
471	354	156	20	1355	1452	10
472	171	24	11	575	718	10
473	187	73	18	658	755	10
474	243	408	15	1386	1527	10
475	421	387	15	219	322	10
476	141	426	23	1076	1230	10
477	415	118	19	1297	1344	10
478	240	255	33	144	285	10
479	162	388	11	1058	1182	10
480	413	493	26	504	602	10
481	69	414	6	676	808	10
482	273	70	36	763	887	10
483	142	14	18	540	676	10
484	185	434	9	587	727	10
485	360	294	9	248	403	10
486	265	240	9	972	1110	10
487	280	245	21	1678	1781	10
488	87	51	35	257	376	10
489	195	273	22	772	919	10
490	422	498	5	817	920	10
491	95	64	4	585	689	10
492	63	155	7	1100	1179	10
493	24	259	19	226	360	10
494	376	92	10	1373	1439	10
495	83	300	26	1074	1207	10
496	72	477	46	788	892	10
497	380	194	3	197	310	10
498	72	227	25	1585	1730	10
499	238	123	24	1601	1664	10
500	188	119	44	1457	1579	10
501	229	322	11	1576	1712	10
502	150	68	23	1583	1707	10
503	67	24	10	1201	1299	10
504	63	420	19	1507	1602	10
505	339	144	13	138	253	10
506	454	201	16	1565	1628	10
507	158	24	18	503	635	10
508	365	119	30	1454	1532	10
509	440	284	25	452	517	10
510	417	212	12	1541	1602	10
511	404	439	3	1408	1559	10
512	472	248	11	1447	1581	10
513	235	108	12	609	730	10
514	174	67	15	1436	1580	10
515	132	151	22	1144	1269	10
516	217	207	26	95	240	10
517	162	306	22	500	609	10
518	48	366	29	863	1029	10
519	209	68	27	793	904	10
520	94	497	31	1145	1281	10
521	110	122	14	465	611	10
522	274	403	17	1126	1244	10
523	421	386	29	600	669	10
524	399	175	13	1342	1469	10
525	56	268	28	756	933	10
526	322	406	17	1372	1484	10
527	244	277	18	1114	1188	10
528	105	181	19	589	695	10
529	30	97	23	955	1049	10
530	359	246	18	695	811	10
531	498	457	15	941	1041	10
532	190	267	36	1355	1492	10
533	334	481	32	1550	1669	10
534	18	24	32	1197	1258	10
535	482	104	19	486	568	10
536	460	328	13	675	800	10
537	320	211	16	1095	1221	10
538	494	165	19	1047	1162	10
539	167	445	7	956	1104	10
540	340	291	22	261	431	10
541	272	234	26	428	536	10
542	325	56	13	245	344	10
543	71	304	19	401	505	10
544	87	311	7	977	1070	10
545	207	487	4	370	481	10
546	332	5	14	698	778	10
547	161	275	21	413	536	10
548	268	458	24	1037	1134	10
549	175	352	12	241	366	10
550	398	476	25	1339	1444	10
551	51	360	13	801	910	10
552	21	70	15	1512	1623	10
553	80	251	14	1046	1179	10
554	457	280	17	1369	1448	10
555	423	315	12	1591	1730	10
556	66	88	2	972	1098	10
557	479	387	13	1003	1113	10
558	436	123	40	1531	1627	10
559	286	244	31	119	248	10
560	449	190	2	1480	1652	10
561	456	113	17	663	818	10
562	480	152	26	1336	1441	10
563	100	266	5	869	1004	10
564	343	34	7	1348	1505	10
565	374	306	4	1652	1778	10
566	13	465	31	1090	1162	10
567	230	487	20	350	460	10
568	442	153	29	1570	1699	10
569	240	362	23	1186	1276	10
570	433	319	11	1369	1494	10
571	0	422	8	1143	1248	10
572	297	131	25	1547	1616	10
573	71	12	2	1501	1617	10
574	44	440	24	493	617	10
575	447	184	27	533	592	10
576	341	59	27	591	709	10
577	132	32	18	1046	1169	10
578	411	396	23	1036	1135	10
579	450	416	25	1498	1649	10
580	323	34	13	1071	1180	10
581	244	368	25	364	449	10
582	90	477	18	761	886	10
583	34	169	11	444	577	10
584	351	128	15	418	555	10
585	71	282	29	1172	1314	10
586	157	269	31	1068	1156	10
587	392	1	11	1313	1386	10
588	39	153	26	232	352	10
589	306	229	10	701	833	10
590	415	253	21	1087	1238	10
591	92	76	4	527	655	10
592	437	98	16	240	370	10
593	12	367	27	760	869	10
594	448	414	23	1563	1653	10
595	128	113	22	1587	1731	10
596	43	360	2	1170	1320	10
597	102	422	23	597	733	10
598	480	131	5	1022	1188	10
599	210	81	2	578	707	10
600	432	2	20	716	794	10
601	396	83	15	1467	1578	10
602	489	159	29	1248	1352	10
603	56	75	24	1054	1182	10
604	66	31	25	290	369	10
605	460	117	14	999	1178	10
606	175	239	23	220	329	10
607	217	333	26	1221	1340	10
608	62	375	16	1164	1340	10
609	82	183	17	180	296	10
610	248	214	19	952	1071	10
611	385	239	21	1149	1230	10
612	371	315	18	617	715	10
613	333	163	32	966	1114	10
614	100	66	15	409	486	10
615	311	422	29	1299	1419	10
616	153	235	10	1394	1536	10
617	168	109	10	581	737	10
618	284	319	17	203	344	10
619	195	464	20	735	866	10
620	382	9	30	331	482	10
621	325	210	15	1036	1153	10
622	366	334	5	1363	1422	10
623	200	78	31	353	408	10
624	351	5	12	841	905	10
625	197	202	29	1302	1435	10
626	270	337	20	208	319	10
627	125	65	17	1304	1486	10
628	120	17	30	1064	1189	10
629	84	255	13	1550	1642	10
630	222	331	10	1316	1441	10
631	332	459	35	1429	1559	10
632	226	175	23	1179	1261	10
633	404	140	8	806	918	10
634	223	178	20	1288	1423	10
635	330	308	24	132	246	10
636	140	108	29	1451	1611	10
637	34	239	16	656	823	10
638	94	192	1	939	1032	10
639	458	213	22	980	1047	10
640	13	314	14	1470	1549	10
641	202	391	30	497	611	10
642	339	41	6	1519	1637	10
643	224	56	13	1519	1619	10
644	345	431	12	1031	1165	10
645	292	104	26	439	560	10
646	318	99	35	867	994	10
647	46	248	9	1222	1289	10
648	482	184	14	770	864	10
649	411	379	25	1259	1377	10
650	293	174	31	1181	1299	10
651	169	305	21	228	391	10
652	394	47	5	1442	1605	10
653	323	29	7	790	923	10
654	65	343	38	1522	1707	10
655	158	179	37	379	514	10
656	299	353	34	399	453	10
657	9	233	31	838	923	10
658	330	138	18	375	515	10
659	48	412	7	1492	1656	10
660	385	17	40	1190	1294	10
661	382	110	24	262	336	10
662	336	493	20	1490	1657	10
663	181	441	25	457	579	10
664	162	301	16	1140	1220	10
665	1	101	8	1030	1166	10
666	80	117	24	288	413	10
667	210	219	7	234	364	10
668	404	59	13	1191	1318	10
669	288	439	16	351	435	10
670	149	458	13	1264	1363	10
671	257	391	22	958	1085	10
672	405	349	15	1191	1284	10
673	191	215	17	1414	1488	10
674	231	29	14	1471	1596	10
675	253	50	27	963	1129	10
676	441	177	23	567	674	10
677	5	445	30	1034	1152	10
678	463	253	23	651	752	10
679	435	180	37	327	401	10
680	198	85	28	1330	1405	10
681	59	388	20	1335	1464	10
682	373	418	6	1092	1181	10
683	142	80	12	448	606	10
684	441	7	20	1477	1567	10
685	33	268	18	937	1064	10
686	355	174	33	943	1112	10
687	228	260	12	247	331	10
688	114	460	14	485	655	10
689	337	41	8	1512	1553	10
690	154	374	36	1105	1183	10
691	235	13	27	1554	1677	10
692	303	78	12	1239	1321	10
693	103	464	22	945	1066	10
694	325	311	22	1174	1349	10
695	306	235	25	604	765	10
696	382	360	26	404	565	10
697	235	288	18	40	133	10
698	0	356	13	1085	1186	10
699	178	135	21	529	677	10
700	226	423	15	1645	1740	10
701	15	11	15	1372	1464	10
702	144	35	26	1203	1338	10
703	176	199	28	1306	1450	10
704	247	306	33	1747	1836	10
705	396	417	13	1191	1321	10
706	289	220	19	938	1118	10
707	23	235	43	712	841	10
708	137	377	23	1144	1308	10
709	400	71	17	233	361	10
710	261	359	10	157	232	10
711	438	127	2	224	345	10
712	318	280	21	1590	1691	10
713	333	293	27	117	254	10
714	436	295	11	1525	1675	10
715	62	94	16	536	611	10
716	495	355	3	1006	1134	10
717	13	394	15	623	734	10
718	172	292	17	399	542	10
719	14	232	18	430	613	10
720	437	90	12	916	982	10
721	214	274	24	1676	1799	10
722	420	383	27	1183	1331	10
723	120	261	5	208	290	10
724	179	75	13	757	884	10
725	484	224	7	1254	1384	10
726	214	245	8	1583	1647	10
727	395	474	26	1235	1308	10
728	368	311	14	770	931	10
729	199	203	20	744	854	10
730	485	428	22	1058	1184	10
731	86	199	23	176	230	10
732	447	272	12	1438	1585	10
733	40	304	16	564	649	10
734	475	267	7	891	1013	10
735	482	141	14	1324	1436	10
736	489	274	31	1499	1674	10
737	26	342	12	1272	1408	10
738	139	438	24	1177	1312	10
739	12	358	7	1546	1653	10
740	125	61	26	1558	1688	10
741	360	284	19	736	807	10
742	29	358	23	1531	1607	10
743	285	247	13	428	548	10
744	248	386	22	592	690	10
745	415	207	18	971	1145	10
746	130	247	17	1272	1436	10
747	172	66	18	245	347	10
748	92	259	4	972	1081	10
749	379	486	22	1381	1535	10
750	452	484	26	356	521	10
751	268	288	26	1546	1636	10
752	349	43	26	1025	1123	10
753	225	269	30	141	241	10
754	50	383	20	1037	1192	10
755	110	251	23	1419	1512	10
756	461	182	13	1522	1642	10
757	255	487	19	1479	1629	10
758	133	202	33	753	850	10
759	34	329	2	306	428	10
760	368	452	16	1555	1681	10
761	242	106	28	816	965	10
762	171	303	18	1252	1368	10
763	329	456	19	279	401	10
764	490	286	29	360	478	10
765	61	214	4	827	967	10
766	365	74	24	655	681	10
767	321	149	18	1173	1264	10
768	84	453	19	1461	1610	10
769	26	442	23	997	1118	10
770	180	283	23	384	486	10
771	394	322	12	1647	1754	10
772	348	348	23	1135	1225	10
773	309	161	23	335	486	10
774	385	58	24	1526	1675	10
775	228	287	21	43	111	10
776	312	453	6	1063	1202	10
777	35	344	21	507	614	10
778	393	98	13	1383	1533	10
779	208	488	22	765	902	10
780	235	33	30	524	634	10
781	140	137	32	261	369	10
782	405	187	34	284	429	10
783	330	371	1	187	329	10
784	265	0	10	250	366	10
785	295	89	23	908	1077	10
786	3	23	11	1277	1367	10
787	363	225	35	115	224	10
788	148	208	22	304	408	10
789	466	362	15	1550	1642	10
790	267	290	15	1153	1291	10
791	98	2	14	927	1091	10
792	131	246	17	1053	1190	10
793	418	75	11	810	876	10
794	366	260	23	1694	1798	10
795	138	28	23	990	1133	10
796	209	212	18	144	264	10
797	443	167	17	605	725	10
798	156	65	22	1564	1662	10
799	279	355	9	1608	1724	10
800	206	172	29	745	867	10
801	32	94	14	1162	1291	10
802	301	239	31	544	657	10
803	471	368	19	263	366	10
804	133	273	20	1037	1111	10
805	253	74	20	474	581	10
806	470	405	17	836	1004	10
807	77	172	23	1072	1152	10
808	77	465	11	1477	1623	10
809	466	96	22	1068	1201	10
810	402	277	5	1168	1305	10
811	267	374	23	517	638	10
812	450	194	27	413	558	10
813	89	65	16	1004	1113	10
814	429	389	18	937	1048	10
815	202	28	22	603	715	10
816	46	389	22	1041	1137	10
817	246	407	12	1208	1277	10
818	452	110	14	1087	1182	10
819	213	185	21	769	878	10
820	134	276	15	1506	1641	10
821	262	97	17	1373	1522	10
822	469	489	4	839	1027	10
823	364	71	5	1373	1506	10
824	68	240	11	861	980	10
825	494	468	31	1035	1153	10
826	439	222	22	1596	1714	10
827	386	225	13	219	343	10
828	434	359	13	1123	1234	10
829	103	177	28	892	985	10
830	89	322	21	580	741	10
831	307	249	10	1027	1176	10
832	30	155	9	1401	1526	10
833	401	314	25	1347	1476	10
834	217	357	23	956	1113	10
835	373	421	21	775	881	10
836	5	281	16	985	1083	10
837	173	474	14	1308	1401	10
838	36	301	21	1235	1311	10
839	429	169	8	556	674	10
840	195	450	16	665	746	10
841	95	382	19	1398	1492	10
842	225	121	18	443	573	10
843	10	407	36	475	581	10
844	221	269	14	774	907	10
845	264	180	33	1676	1843	10
846	168	59	6	407	569	10
847	281	96	1	864	1020	10
848	387	349	9	395	526	10
849	398	329	17	1029	1120	10
850	239	486	3	1180	1242	10
851	237	420	15	1217	1340	10
852	346	354	8	141	265	10
853	172	314	9	1741	1813	10
854	233	230	20	872	1025	10
855	79	80	19	470	606	10
856	243	402	13	847	958	10
857	117	110	13	1562	1662	10
858	66	314	26	601	748	10
859	58	391	16	998	1081	10
860	142	360	20	182	278	10
861	492	326	19	1015	1137	10
862	381	328	12	1085	1187	10
863	62	236	29	832	932	10
864	344	70	24	828	897	10
865	151	81	28	1259	1372	10
866	240	240	35	1769	1872	10
867	46	163	8	490	584	10
868	455	168	21	588	666	10
869	428	202	24	1134	1260	10
870	432	199	7	707	797	10
871	391	112	24	739	836	10
872	451	305	13	892	982	10
873	214	311	14	170	303	10
874	465	367	14	263	379	10
875	164	473	26	560	667	10
876	364	173	30	1054	1174	10
877	274	261	20	26	154	10
878	133	455	25	706	826	10
879	351	481	10	854	921	10
880	115	395	11	1328	1450	10
881	297	304	4	430	607	10
882	7	194	29	418	499	10
883	409	255	23	993	1133	10
884	87	213	18	366	562	10
885	60	246	25	190	253	10
886	3	471	13	1158	1322	10
887	418	251	21	1412	1557	10
888	153	362	7	498	630	10
889	323	77	36	223	372	10
890	143	158	12	1630	1773	10
891	351	148	30	1577	1706	10
892	426	38	23	1287	1416	10
893	226	316	21	1056	1161	10
894	347	192	18	1294	1407	10
895	102	6	3	1424	1537	10
896	41	120	22	1509	1654	10
897	247	443	17	417	527	10
898	218	271	16	1141	1319	10
899	376	385	12	872	1056	10
900	241	402	11	444	572	10
901	213	399	18	760	840	10
902	32	191	5	993	1141	10
903	441	374	10	709	826	10
904	376	113	8	1424	1563	10
905	215	434	9	1396	1507	10
906	499	316	18	1193	1296	10
907	318	497	21	346	448	10
908	256	441	34	1226	1384	10
909	174	397	32	1502	1613	10
910	468	360	16	1152	1271	10
911	287	256	18	646	699	10
912	448	397	33	487	564	10
913	352	487	27	920	1007	10
914	253	118	19	200	303	10
915	159	299	12	1189	1327	10
916	351	233	21	1659	1795	10
917	268	113	21	1170	1317	10
918	164	332	19	1425	1523	10
919	88	484	5	569	694	10
920	360	488	19	262	383	10
921	343	166	28	377	499	10
922	497	266	25	674	741	10
923	138	406	8	1480	1584	10
924	420	224	10	1534	1680	10
925	231	410	14	1320	1465	10
926	199	438	3	1587	1720	10
927	219	215	32	517	599	10
928	365	274	14	147	281	10
929	481	454	14	788	881	10
930	187	61	19	1106	1234	10
931	372	97	13	1134	1281	10
932	187	263	35	1666	1750	10
933	371	427	23	1333	1488	10
934	74	215	10	1262	1342	10
935	375	145	12	646	750	10
936	365	28	9	1382	1442	10
937	118	314	26	1333	1440	10
938	60	29	32	1076	1184	10
939	478	300	12	1162	1282	10
940	33	152	17	1551	1671	10
941	347	184	15	1146	1257	10
942	94	40	24	889	1057	10
943	290	328	7	282	392	10
944	96	346	26	578	703	10
945	97	288	22	1537	1665	10
946	176	470	14	1425	1562	10
947	206	97	33	602	703	10
948	210	133	15	1661	1788	10
949	489	457	13	1073	1154	10
950	418	399	20	1176	1243	10
951	392	491	10	425	563	10
952	437	19	15	1415	1513	10
953	495	83	32	1380	1489	10
954	468	352	9	362	468	10
955	390	120	24	526	641	10
956	80	357	1	1428	1544	10
957	394	310	10	1377	1488	10
958	61	441	27	1092	1192	10
959	52	303	25	1623	1699	10
960	391	202	14	148	267	10
961	36	451	15	318	489	10
962	276	84	20	528	624	10
963	130	140	17	903	1033	10
964	16	287	12	1346	1462	10
965	292	136	28	840	952	10
966	53	204	8	1123	1277	10
967	359	287	24	289	373	10
968	309	29	11	1485	1628	10
969	473	491	23	1374	1525	10
970	273	255	18	291	413	10
971	263	153	12	1089	1208	10
972	328	458	17	942	1070	10
973	401	164	13	947	1071	10
974	480	119	7	1424	1543	10
975	488	96	22	459	633	10
976	149	98	4	247	354	10
977	49	437	7	274	417	10
978	440	77	14	315	378	10
979	43	135	31	1106	1212	10
980	188	151	7	375	475	10
981	175	422	24	451	573	10
982	48	437	4	1483	1583	10
983	334	403	26	508	599	10
984	372	115	13	298	418	10
985	111	192	11	1514	1631	10
986	357	290	24	1523	1655	10
987	331	134	11	718	847	10
988	495	199	25	967	1116	10
989	441	60	21	1148	1294	10
990	51	89	19	899	1028	10
991	452	206	31	1460	1513	10
992	195	386	13	414	497	10
993	172	24	17	388	519	10
994	408	318	15	709	903	10
995	410	399	25	730	901	10
996	413	345	20	449	586	10
997	215	129	17	125	237	10
998	380	350	15	327	507	10
999	19	38	15	352	455	10
1000	166	247	1	1701	1830	10
