r1_10_1_75_30_2

VEHICLE
NUMBER	CAPACITY	WORLD_RECORD
250	200	250


CUSTOMER
CUST NO.   XCOORD.   YCOORD.    DEMAND   READY TIME   DUE DATE   SERVICE TIME

0	250	250	0	0	1925	0
1	171	34	21	1338	1368	10
2	67	190	25	0	1722	10
3	80	400	10	1276	1306	10
4	439	237	11	0	1725	10
5	377	385	6	0	1729	10
6	449	428	25	895	925	10
7	342	481	18	457	487	10
8	466	149	16	290	320	10
9	83	290	14	885	915	10
10	251	63	14	1180	1210	10
11	328	491	21	537	567	10
12	260	472	33	795	825	10
13	290	145	5	0	1802	10
14	266	221	9	0	1881	10
15	164	320	12	1581	1611	10
16	52	412	22	1467	1497	10
17	485	104	21	1608	1638	10
18	144	331	13	0	1781	10
19	387	394	8	491	521	10
20	472	57	17	1393	1423	10
21	343	276	15	0	1818	10
22	104	349	20	1550	1580	10
23	28	467	34	0	1604	10
24	91	427	14	637	667	10
25	429	476	23	1084	1114	10
26	210	276	5	142	172	10
27	58	39	12	1489	1519	10
28	273	300	30	727	757	10
29	41	232	16	0	1705	10
30	25	53	23	1219	1249	10
31	52	18	28	1208	1238	10
32	27	444	22	985	1015	10
33	178	72	23	891	921	10
34	406	460	2	1144	1174	10
35	250	328	24	0	1837	10
36	492	34	5	607	637	10
37	412	100	1	1316	1346	10
38	233	87	18	1635	1665	10
39	60	5	18	1350	1380	10
40	406	408	15	1281	1311	10
41	245	42	24	1424	1454	10
42	166	345	14	0	1788	10
43	440	294	16	446	476	10
44	370	382	11	696	726	10
45	32	319	21	1282	1312	10
46	480	136	22	1612	1642	10
47	371	163	21	1319	1349	10
48	0	188	26	0	1657	10
49	438	5	18	1488	1518	10
50	132	477	25	0	1659	10
51	203	211	20	1196	1226	10
52	2	264	40	248	278	10
53	231	167	15	0	1829	10
54	423	221	9	621	651	10
55	459	53	20	791	821	10
56	386	154	31	878	908	10
57	130	494	6	1349	1379	10
58	31	175	24	622	652	10
59	69	423	32	352	382	10
60	352	241	5	979	1009	10
61	261	201	15	1815	1845	10
62	59	276	11	790	820	10
63	146	188	6	0	1793	10
64	451	62	5	1319	1349	10
65	299	285	3	1149	1179	10
66	142	372	18	162	192	10
67	440	201	29	1682	1712	10
68	219	210	14	922	952	10
69	64	198	10	642	672	10
70	390	249	21	0	1774	10
71	9	101	16	653	683	10
72	424	288	13	885	915	10
73	77	372	19	1168	1198	10
74	298	264	36	0	1865	10
75	405	454	11	896	926	10
76	407	35	11	1267	1297	10
77	225	369	38	1712	1742	10
78	347	459	25	246	276	10
79	117	178	28	0	1763	10
80	132	479	11	1557	1587	10
81	201	66	14	1687	1717	10
82	245	176	20	1716	1746	10
83	470	138	16	415	445	10
84	115	296	24	0	1772	10
85	348	476	19	448	478	10
86	43	210	20	0	1704	10
87	327	139	13	0	1779	10
88	49	353	15	620	650	10
89	356	256	19	695	725	10
90	335	99	25	1009	1039	10
91	363	34	19	340	370	10
92	33	278	18	754	784	10
93	366	288	29	1081	1111	10
94	452	172	9	400	430	10
95	86	189	21	540	570	10
96	262	369	15	0	1795	10
97	218	403	15	260	290	10
98	218	12	3	1383	1413	10
99	228	399	14	0	1764	10
100	492	188	33	0	1665	10
101	267	174	34	776	806	10
102	274	441	12	643	673	10
103	210	113	28	335	365	10
104	370	262	15	1601	1631	10
105	303	186	10	1259	1289	10
106	241	180	13	529	559	10
107	100	85	14	343	373	10
108	350	199	21	306	336	10
109	500	228	8	626	656	10
110	251	238	27	89	119	10
111	114	102	21	405	435	10
112	345	146	27	901	931	10
113	21	146	21	1558	1588	10
114	330	147	28	0	1784	10
115	476	61	36	1219	1249	10
116	386	245	16	1057	1087	10
117	201	278	13	1800	1830	10
118	421	499	23	520	550	10
119	426	231	24	0	1737	10
120	105	137	32	0	1731	10
121	64	437	11	1621	1651	10
122	181	260	23	0	1845	10
123	413	391	8	1652	1682	10
124	370	493	22	1437	1467	10
125	447	267	19	1091	1121	10
126	232	101	24	179	209	10
127	371	332	14	432	462	10
128	447	383	17	304	334	10
129	325	147	14	1428	1458	10
130	489	437	29	385	415	10
131	415	95	15	1361	1391	10
132	331	356	13	164	194	10
133	374	346	27	550	580	10
134	108	37	23	658	688	10
135	5	224	19	1034	1064	10
136	93	413	17	1033	1063	10
137	210	29	13	1510	1540	10
138	136	265	12	1173	1203	10
139	409	155	19	419	449	10
140	111	178	18	184	214	10
141	291	251	20	1422	1452	10
142	322	290	23	1004	1034	10
143	57	183	15	1060	1090	10
144	181	185	19	0	1820	10
145	7	382	27	1064	1094	10
146	425	448	9	811	841	10
147	174	41	15	0	1692	10
148	161	276	8	1102	1132	10
149	398	49	21	931	961	10
150	210	379	12	0	1779	10
151	60	231	32	1673	1703	10
152	453	360	13	1458	1488	10
153	367	97	17	757	787	10
154	488	3	3	999	1029	10
155	44	115	24	1558	1588	10
156	48	293	22	789	819	10
157	64	135	11	1599	1629	10
158	65	62	15	291	321	10
159	404	207	6	1334	1364	10
160	68	303	22	0	1725	10
161	263	418	25	459	489	10
162	147	30	26	460	490	10
163	384	149	18	1086	1116	10
164	340	416	36	911	941	10
165	271	128	12	0	1791	10
166	89	358	23	0	1721	10
167	20	480	25	661	691	10
168	488	173	25	333	363	10
169	439	156	2	357	387	10
170	389	156	27	0	1747	10
171	111	392	18	223	253	10
172	267	162	6	1011	1041	10
173	248	176	32	586	616	10
174	413	476	34	1442	1472	10
175	352	481	15	1006	1036	10
176	264	135	1	0	1799	10
177	29	462	17	1022	1052	10
178	148	462	10	1032	1062	10
179	44	140	11	0	1681	10
180	414	378	23	571	601	10
181	392	95	16	833	863	10
182	216	341	19	473	503	10
183	211	411	15	0	1749	10
184	317	45	8	831	861	10
185	178	150	33	0	1791	10
186	428	302	27	1287	1317	10
187	450	45	24	671	701	10
188	453	318	30	928	958	10
189	186	135	24	0	1783	10
190	11	403	18	1186	1216	10
191	433	447	20	1398	1428	10
192	272	420	7	502	532	10
193	429	59	9	261	291	10
194	200	27	22	0	1686	10
195	498	171	12	1120	1150	10
196	487	320	21	673	703	10
197	45	166	22	1437	1467	10
198	490	276	33	1447	1477	10
199	126	391	19	745	775	10
200	92	18	8	760	790	10
201	293	228	19	63	93	10
202	343	205	26	1027	1057	10
203	182	480	31	446	476	10
204	385	285	13	0	1775	10
205	44	344	12	0	1688	10
206	170	347	15	408	438	10
207	457	492	7	0	1596	10
208	124	448	6	270	300	10
209	398	210	31	1718	1748	10
210	75	118	21	1176	1206	10
211	105	474	27	0	1648	10
212	134	211	35	211	241	10
213	211	248	26	110	140	10
214	212	186	11	1481	1511	10
215	492	335	10	834	864	10
216	497	483	12	458	488	10
217	440	436	18	481	511	10
218	311	203	15	1259	1289	10
219	491	369	28	842	872	10
220	67	378	26	0	1691	10
221	383	17	15	793	823	10
222	7	82	25	0	1619	10
223	342	319	36	556	586	10
224	78	406	15	946	976	10
225	103	123	8	0	1720	10
226	241	38	16	0	1702	10
227	224	3	10	0	1666	10
228	436	467	12	0	1629	10
229	438	488	18	473	503	10
230	351	60	15	481	511	10
231	13	214	21	813	843	10
232	429	67	16	0	1659	10
233	498	456	27	1021	1051	10
234	135	400	20	873	903	10
235	215	293	13	1740	1770	10
236	354	416	10	1201	1231	10
237	294	421	26	0	1738	10
238	208	445	22	1104	1134	10
239	230	320	8	801	831	10
240	157	38	3	943	973	10
241	441	100	31	1165	1195	10
242	61	170	20	0	1709	10
243	79	467	22	0	1638	10
244	365	190	22	910	940	10
245	282	1	18	0	1663	10
246	124	111	15	0	1727	10
247	247	219	17	0	1883	10
248	28	180	34	621	651	10
249	167	488	17	0	1662	10
250	442	289	25	0	1719	10
251	136	430	14	1447	1477	10
252	38	15	3	1180	1210	10
253	246	314	36	1507	1537	10
254	176	200	17	342	372	10
255	337	232	2	395	425	10
256	257	133	19	1014	1044	10
257	295	247	12	142	172	10
258	39	162	18	997	1027	10
259	79	257	26	684	714	10
260	236	126	23	650	680	10
261	259	498	33	559	589	10
262	180	162	9	112	142	10
263	53	466	9	0	1622	10
264	167	291	27	0	1822	10
265	89	185	16	0	1741	10
266	487	446	9	903	933	10
267	308	199	14	1466	1496	10
268	481	84	17	1141	1171	10
269	495	227	20	263	293	10
270	397	57	17	633	663	10
271	372	39	10	1591	1621	10
272	278	450	29	1521	1551	10
273	292	32	14	685	715	10
274	90	496	13	1487	1517	10
275	68	53	16	913	943	10
276	371	423	10	497	527	10
277	273	149	14	552	582	10
278	297	283	28	0	1857	10
279	120	37	28	0	1665	10
280	371	488	10	855	885	10
281	206	174	14	0	1827	10
282	174	347	3	985	1015	10
283	330	281	14	0	1829	10
284	67	451	5	568	598	10
285	27	464	21	354	384	10
286	361	178	5	0	1782	10
287	463	406	23	547	577	10
288	456	157	20	1488	1518	10
289	153	244	5	1782	1812	10
290	153	192	13	128	158	10
291	352	63	6	858	888	10
292	371	71	21	748	778	10
293	163	472	9	994	1024	10
294	448	495	40	1092	1122	10
295	282	10	30	0	1672	10
296	66	163	6	0	1711	10
297	314	205	22	1092	1122	10
298	83	169	21	222	252	10
299	221	291	9	1657	1687	10
300	374	116	9	0	1732	10
301	418	269	3	303	333	10
302	178	302	19	1031	1061	10
303	250	57	26	0	1722	10
304	475	352	33	400	430	10
305	1	252	5	610	640	10
306	286	356	30	1387	1417	10
307	65	82	13	1223	1253	10
308	154	392	9	1035	1065	10
309	196	56	15	572	602	10
310	366	390	23	970	1000	10
311	436	25	19	1514	1544	10
312	67	352	20	471	501	10
313	173	182	25	1342	1372	10
314	390	34	7	1463	1493	10
315	18	225	8	1187	1217	10
316	57	43	15	542	572	10
317	388	44	22	416	446	10
318	269	112	19	967	997	10
319	374	260	27	0	1790	10
320	291	213	23	1530	1560	10
321	178	420	18	979	1009	10
322	389	255	15	601	631	10
323	134	194	19	1055	1085	10
324	93	490	2	0	1628	10
325	64	294	12	1071	1101	10
326	493	111	26	579	609	10
327	150	484	16	547	577	10
328	235	316	2	0	1847	10
329	239	15	2	1427	1457	10
330	193	138	30	0	1789	10
331	40	278	10	337	367	10
332	307	52	23	392	422	10
333	161	416	25	0	1726	10
334	381	457	28	685	715	10
335	55	318	13	1530	1560	10
336	80	279	19	1556	1586	10
337	48	162	15	249	279	10
338	91	27	14	546	576	10
339	288	70	24	769	799	10
340	177	404	17	0	1744	10
341	10	237	19	1543	1573	10
342	493	493	20	561	591	10
343	440	292	24	1299	1329	10
344	349	76	15	1634	1664	10
345	47	208	30	909	939	10
346	283	454	14	1414	1444	10
347	486	324	15	0	1667	10
348	392	87	23	1407	1437	10
349	122	422	3	1331	1361	10
350	37	281	17	0	1699	10
351	413	127	28	696	726	10
352	222	499	7	1319	1349	10
353	211	446	15	1581	1611	10
354	30	7	23	0	1587	10
355	398	341	33	1435	1465	10
356	26	67	15	1541	1571	10
357	461	186	16	633	663	10
358	313	391	5	0	1760	10
359	471	94	30	401	431	10
360	341	72	9	0	1715	10
361	130	186	16	0	1779	10
362	257	57	18	1562	1592	10
363	94	344	26	483	513	10
364	6	53	8	748	778	10
365	146	376	8	1245	1275	10
366	244	13	24	1551	1581	10
367	29	336	22	1213	1243	10
368	306	42	11	0	1699	10
369	177	486	20	288	318	10
370	489	338	17	0	1660	10
371	179	318	2	901	931	10
372	344	203	14	1335	1365	10
373	149	341	6	1589	1619	10
374	307	412	8	0	1743	10
375	68	450	18	360	390	10
376	420	80	24	629	659	10
377	144	220	35	1002	1032	10
378	497	54	14	0	1599	10
379	80	458	30	839	869	10
380	84	377	10	1516	1546	10
381	332	382	2	0	1759	10
382	6	196	20	427	457	10
383	104	28	8	576	606	10
384	224	320	36	951	981	10
385	87	3	13	760	790	10
386	149	214	7	1467	1497	10
387	98	29	14	831	861	10
388	135	30	12	0	1666	10
389	287	397	12	0	1763	10
390	107	374	8	0	1725	10
391	355	485	10	1494	1524	10
392	51	286	14	286	316	10
393	49	118	3	625	655	10
394	159	226	16	0	1820	10
395	185	431	15	0	1722	10
396	262	92	25	892	922	10
397	475	198	20	1506	1536	10
398	142	30	32	1446	1476	10
399	481	207	34	0	1680	10
400	174	122	14	699	729	10
401	35	263	27	0	1699	10
402	24	71	11	0	1626	10
403	173	65	12	1672	1702	10
404	91	326	4	687	717	10
405	470	417	11	0	1638	10
406	397	153	29	0	1738	10
407	295	283	26	548	578	10
408	174	376	8	0	1767	10
409	38	190	23	1158	1188	10
410	16	68	11	1027	1057	10
411	179	286	8	336	366	10
412	244	422	14	1322	1352	10
413	250	441	5	728	758	10
414	497	18	10	1072	1102	10
415	195	111	15	149	179	10
416	26	221	28	1074	1104	10
417	442	5	16	1244	1274	10
418	44	496	32	746	776	10
419	448	404	15	1309	1339	10
420	471	427	8	844	874	10
421	460	424	11	837	867	10
422	461	195	26	0	1696	10
423	146	313	22	1345	1375	10
424	19	273	25	1547	1577	10
425	245	461	8	0	1703	10
426	69	266	12	0	1733	10
427	191	84	13	0	1738	10
428	68	160	21	657	687	10
429	212	47	20	541	571	10
430	80	337	28	726	756	10
431	412	478	7	813	843	10
432	225	488	28	936	966	10
433	105	140	27	1255	1285	10
434	389	43	21	1425	1455	10
435	177	156	25	203	233	10
436	179	497	1	876	906	10
437	377	432	20	0	1693	10
438	497	296	14	0	1663	10
439	152	476	45	1033	1063	10
440	277	428	7	1626	1656	10
441	64	5	14	0	1607	10
442	44	311	27	1609	1639	10
443	165	59	27	0	1705	10
444	261	138	1	1024	1054	10
445	268	351	7	1307	1337	10
446	48	150	15	1499	1529	10
447	215	79	5	1383	1413	10
448	109	56	27	1611	1641	10
449	171	188	30	1030	1060	10
450	284	457	17	1548	1578	10
451	274	442	17	1178	1208	10
452	33	286	11	454	484	10
453	112	433	29	0	1685	10
454	423	170	27	1342	1372	10
455	213	283	14	0	1865	10
456	240	34	28	628	658	10
457	283	438	3	338	368	10
458	324	99	10	1241	1271	10
459	259	301	25	1394	1424	10
460	189	402	10	1035	1065	10
461	215	282	21	1243	1273	10
462	166	440	12	798	828	10
463	374	232	33	1551	1581	10
464	339	113	14	0	1751	10
465	335	46	18	1524	1554	10
466	313	493	20	1281	1311	10
467	432	66	30	974	1004	10
468	76	462	18	0	1640	10
469	397	477	13	1473	1503	10
470	196	489	23	507	537	10
471	354	156	20	827	857	10
472	171	24	11	1458	1488	10
473	187	73	18	219	249	10
474	243	408	15	355	385	10
475	421	387	15	0	1695	10
476	141	426	23	360	390	10
477	415	118	19	1280	1310	10
478	240	255	33	1841	1871	10
479	162	388	11	925	955	10
480	413	493	26	1554	1584	10
481	69	414	6	422	452	10
482	273	70	36	1253	1283	10
483	142	14	18	1058	1088	10
484	185	434	9	1387	1417	10
485	360	294	9	1005	1035	10
486	265	240	9	0	1896	10
487	280	245	21	830	860	10
488	87	51	35	1573	1603	10
489	195	273	22	1693	1723	10
490	422	498	5	0	1613	10
491	95	64	4	814	844	10
492	63	155	7	0	1705	10
493	24	259	19	0	1688	10
494	376	92	10	0	1712	10
495	83	300	26	685	715	10
496	72	477	46	651	681	10
497	380	194	3	1220	1250	10
498	72	227	25	849	879	10
499	238	123	24	1108	1138	10
500	188	119	44	1500	1530	10
501	229	322	11	1529	1559	10
502	150	68	23	1070	1100	10
503	67	24	10	863	893	10
504	63	420	19	802	832	10
505	339	144	13	239	269	10
506	454	201	16	893	923	10
507	158	24	18	804	834	10
508	365	119	30	474	504	10
509	440	284	25	1405	1435	10
510	417	212	12	1254	1284	10
511	404	439	3	1621	1651	10
512	472	248	11	0	1692	10
513	235	108	12	807	837	10
514	174	67	15	0	1716	10
515	132	151	22	706	736	10
516	217	207	26	1024	1054	10
517	162	306	22	1607	1637	10
518	48	366	29	1276	1306	10
519	209	68	27	489	519	10
520	94	497	31	1341	1371	10
521	110	122	14	0	1725	10
522	274	403	17	0	1760	10
523	421	386	29	671	701	10
524	399	175	13	0	1748	10
525	56	268	28	1174	1204	10
526	322	406	17	345	375	10
527	244	277	18	1721	1751	10
528	105	181	19	0	1754	10
529	30	97	23	1202	1232	10
530	359	246	18	0	1805	10
531	498	457	15	1164	1194	10
532	190	267	36	0	1852	10
533	334	481	32	0	1669	10
534	18	24	32	525	555	10
535	482	104	19	1255	1285	10
536	460	328	13	804	834	10
537	320	211	16	624	654	10
538	494	165	19	0	1656	10
539	167	445	7	1375	1405	10
540	340	291	22	0	1816	10
541	272	234	26	0	1887	10
542	325	56	13	991	1021	10
543	71	304	19	1361	1391	10
544	87	311	7	968	998	10
545	207	487	4	0	1674	10
546	332	5	14	1626	1656	10
547	161	275	21	1616	1646	10
548	268	458	24	1058	1088	10
549	175	352	12	1005	1035	10
550	398	476	25	1409	1439	10
551	51	360	13	0	1687	10
552	21	70	15	1368	1398	10
553	80	251	14	836	866	10
554	457	280	17	0	1705	10
555	423	315	12	0	1730	10
556	66	88	2	0	1669	10
557	479	387	13	687	717	10
558	436	123	40	385	415	10
559	286	244	31	289	319	10
560	449	190	2	1597	1627	10
561	456	113	17	509	539	10
562	480	152	26	0	1664	10
563	100	266	5	521	551	10
564	343	34	7	0	1679	10
565	374	306	4	0	1778	10
566	13	465	31	0	1595	10
567	230	487	20	0	1677	10
568	442	153	29	1249	1279	10
569	240	362	23	1620	1650	10
570	433	319	11	833	863	10
571	0	422	8	0	1611	10
572	297	131	25	343	373	10
573	71	12	2	415	445	10
574	44	440	24	872	902	10
575	447	184	27	1333	1363	10
576	341	59	27	542	572	10
577	132	32	18	1381	1411	10
578	411	396	23	575	605	10
579	450	416	25	361	391	10
580	323	34	13	0	1686	10
581	244	368	25	118	148	10
582	90	477	18	1225	1255	10
583	34	169	11	1290	1320	10
584	351	128	15	1698	1728	10
585	71	282	29	1195	1225	10
586	157	269	31	0	1820	10
587	392	1	11	370	400	10
588	39	153	26	992	1022	10
589	306	229	10	299	329	10
590	415	253	21	0	1749	10
591	92	76	4	1052	1082	10
592	437	98	16	531	561	10
593	12	367	27	0	1649	10
594	448	414	23	708	738	10
595	128	113	22	1204	1234	10
596	43	360	2	1346	1376	10
597	102	422	23	0	1688	10
598	480	131	5	957	987	10
599	210	81	2	321	351	10
600	432	2	20	1136	1166	10
601	396	83	15	671	701	10
602	489	159	29	1143	1173	10
603	56	75	24	313	343	10
604	66	31	25	0	1628	10
605	460	117	14	0	1666	10
606	175	239	23	1460	1490	10
607	217	333	26	0	1825	10
608	62	375	16	0	1689	10
609	82	183	17	0	1734	10
610	248	214	19	1593	1623	10
611	385	239	21	0	1779	10
612	371	315	18	1648	1678	10
613	333	163	32	1075	1105	10
614	100	66	15	293	323	10
615	311	422	29	869	899	10
616	153	235	10	358	388	10
617	168	109	10	1312	1342	10
618	284	319	17	673	703	10
619	195	464	20	0	1694	10
620	382	9	30	1410	1440	10
621	325	210	15	1497	1527	10
622	366	334	5	687	717	10
623	200	78	31	0	1735	10
624	351	5	12	333	363	10
625	197	202	29	0	1843	10
626	270	337	20	1352	1382	10
627	125	65	17	1039	1069	10
628	120	17	30	1389	1419	10
629	84	255	13	944	974	10
630	222	331	10	1409	1439	10
631	332	459	35	957	987	10
632	226	175	23	0	1836	10
633	404	140	8	457	487	10
634	223	178	20	1020	1050	10
635	330	308	24	429	459	10
636	140	108	29	0	1735	10
637	34	239	16	410	440	10
638	94	192	1	445	475	10
639	458	213	22	1337	1367	10
640	13	314	14	331	361	10
641	202	391	30	731	761	10
642	339	41	6	0	1687	10
643	224	56	13	339	369	10
644	345	431	12	0	1710	10
645	292	104	26	320	350	10
646	318	99	35	1538	1568	10
647	46	248	9	379	409	10
648	482	184	14	590	620	10
649	411	379	25	0	1708	10
650	293	174	31	1230	1260	10
651	169	305	21	675	705	10
652	394	47	5	0	1666	10
653	323	29	7	758	788	10
654	65	343	38	1049	1079	10
655	158	179	37	0	1798	10
656	299	353	34	0	1800	10
657	9	233	31	745	775	10
658	330	138	18	1280	1310	10
659	48	412	7	661	691	10
660	385	17	40	0	1645	10
661	382	110	24	1692	1722	10
662	336	493	20	1088	1118	10
663	181	441	25	0	1711	10
664	162	301	16	140	170	10
665	1	101	8	469	499	10
666	80	117	24	1280	1310	10
667	210	219	7	1014	1044	10
668	404	59	13	1639	1669	10
669	288	439	16	935	965	10
670	149	458	13	774	804	10
671	257	391	22	443	473	10
672	405	349	15	0	1731	10
673	191	215	17	1416	1446	10
674	231	29	14	0	1693	10
675	253	50	27	393	423	10
676	441	177	23	204	234	10
677	5	445	30	914	944	10
678	463	253	23	0	1701	10
679	435	180	37	1110	1140	10
680	198	85	28	1131	1161	10
681	59	388	20	812	842	10
682	373	418	6	1208	1238	10
683	142	80	12	488	518	10
684	441	7	20	1342	1372	10
685	33	268	18	0	1697	10
686	355	174	33	399	429	10
687	228	260	12	1839	1869	10
688	114	460	14	1508	1538	10
689	337	41	8	1585	1615	10
690	154	374	36	0	1758	10
691	235	13	27	858	888	10
692	303	78	12	1624	1654	10
693	103	464	22	575	605	10
694	325	311	22	166	196	10
695	306	235	25	0	1857	10
696	382	360	26	649	679	10
697	235	288	18	1001	1031	10
698	0	356	13	0	1643	10
699	178	135	21	914	944	10
700	226	423	15	1052	1082	10
701	15	11	15	1469	1499	10
702	144	35	26	0	1675	10
703	176	199	28	1595	1625	10
704	247	306	33	1364	1394	10
705	396	417	13	323	353	10
706	289	220	19	1551	1581	10
707	23	235	43	793	823	10
708	137	377	23	683	713	10
709	400	71	17	233	263	10
710	261	359	10	0	1805	10
711	438	127	2	0	1690	10
712	318	280	21	1562	1592	10
713	333	293	27	0	1821	10
714	436	295	11	0	1723	10
715	62	94	16	443	473	10
716	495	355	3	1361	1391	10
717	13	394	15	1237	1267	10
718	172	292	17	1290	1320	10
719	14	232	18	1200	1230	10
720	437	90	12	1500	1530	10
721	214	274	24	1642	1672	10
722	420	383	27	1128	1158	10
723	120	261	5	593	623	10
724	179	75	13	793	823	10
725	484	224	7	262	292	10
726	214	245	8	0	1878	10
727	395	474	26	1201	1231	10
728	368	311	14	0	1782	10
729	199	203	20	590	620	10
730	485	428	22	1532	1562	10
731	86	199	23	1514	1544	10
732	447	272	12	1528	1558	10
733	40	304	16	216	246	10
734	475	267	7	762	792	10
735	482	141	14	0	1658	10
736	489	274	31	1563	1593	10
737	26	342	12	962	992	10
738	139	438	24	926	956	10
739	12	358	7	924	954	10
740	125	61	26	0	1688	10
741	360	284	19	1017	1047	10
742	29	358	23	1536	1566	10
743	285	247	13	1651	1681	10
744	248	386	22	1408	1438	10
745	415	207	18	663	693	10
746	130	247	17	1418	1448	10
747	172	66	18	404	434	10
748	92	259	4	1518	1548	10
749	379	486	22	1318	1348	10
750	452	484	26	1300	1330	10
751	268	288	26	995	1025	10
752	349	43	26	869	899	10
753	225	269	30	0	1883	10
754	50	383	20	1385	1415	10
755	110	251	23	0	1774	10
756	461	182	13	1006	1036	10
757	255	487	19	1522	1552	10
758	133	202	33	580	610	10
759	34	329	2	968	998	10
760	368	452	16	693	723	10
761	242	106	28	1740	1770	10
762	171	303	18	511	541	10
763	329	456	19	1205	1235	10
764	490	286	29	1320	1350	10
765	61	214	4	226	256	10
766	365	74	24	1663	1693	10
767	321	149	18	260	290	10
768	84	453	19	0	1652	10
769	26	442	23	0	1619	10
770	180	283	23	979	1009	10
771	394	322	12	0	1754	10
772	348	348	23	1403	1433	10
773	309	161	23	0	1808	10
774	385	58	24	0	1680	10
775	228	287	21	54	84	10
776	312	453	6	259	289	10
777	35	344	21	481	511	10
778	393	98	13	1649	1679	10
779	208	488	22	591	621	10
780	235	33	30	1313	1343	10
781	140	137	32	592	622	10
782	405	187	34	556	586	10
783	330	371	1	0	1769	10
784	265	0	10	655	685	10
785	295	89	23	167	197	10
786	3	23	11	0	1579	10
787	363	225	35	1054	1084	10
788	148	208	22	0	1804	10
789	466	362	15	997	1027	10
790	267	290	15	108	138	10
791	98	2	14	904	934	10
792	131	246	17	0	1795	10
793	418	75	11	1189	1219	10
794	366	260	23	0	1798	10
795	138	28	23	0	1666	10
796	209	212	18	1159	1189	10
797	443	167	17	1063	1093	10
798	156	65	22	1010	1040	10
799	279	355	9	1525	1555	10
800	206	172	29	851	881	10
801	32	94	14	0	1646	10
802	301	239	31	260	290	10
803	471	368	19	0	1664	10
804	133	273	20	0	1795	10
805	253	74	20	186	216	10
806	470	405	17	469	499	10
807	77	172	23	0	1725	10
808	77	465	11	573	603	10
809	466	96	22	609	639	10
810	402	277	5	1265	1295	10
811	267	374	23	1719	1749	10
812	450	194	27	490	520	10
813	89	65	16	1295	1325	10
814	429	389	18	417	447	10
815	202	28	22	770	800	10
816	46	389	22	691	721	10
817	246	407	12	1556	1586	10
818	452	110	14	1163	1193	10
819	213	185	21	648	678	10
820	134	276	15	140	170	10
821	262	97	17	731	761	10
822	469	489	4	0	1590	10
823	364	71	5	985	1015	10
824	68	240	11	0	1732	10
825	494	468	31	747	777	10
826	439	222	22	882	912	10
827	386	225	13	470	500	10
828	434	359	13	1443	1473	10
829	103	177	28	720	750	10
830	89	322	21	219	249	10
831	307	249	10	1282	1312	10
832	30	155	9	0	1675	10
833	401	314	25	1416	1446	10
834	217	357	23	122	152	10
835	373	421	21	1070	1100	10
836	5	281	16	0	1668	10
837	173	474	14	1648	1678	10
838	36	301	21	403	433	10
839	429	169	8	1205	1235	10
840	195	450	16	334	364	10
841	95	382	19	432	462	10
842	225	121	18	1749	1779	10
843	10	407	36	0	1628	10
844	221	269	14	0	1880	10
845	264	180	33	1556	1586	10
846	168	59	6	246	276	10
847	281	96	1	999	1029	10
848	387	349	9	298	328	10
849	398	329	17	0	1747	10
850	239	486	3	1062	1092	10
851	237	420	15	1030	1060	10
852	346	354	8	645	675	10
853	172	314	9	1541	1571	10
854	233	230	20	998	1028	10
855	79	80	19	250	280	10
856	243	402	13	434	464	10
857	117	110	13	840	870	10
858	66	314	26	301	331	10
859	58	391	16	626	656	10
860	142	360	20	541	571	10
861	492	326	19	253	283	10
862	381	328	12	1253	1283	10
863	62	236	29	1363	1393	10
864	344	70	24	1425	1455	10
865	151	81	28	1478	1508	10
866	240	240	35	0	1900	10
867	46	163	8	0	1693	10
868	455	168	21	1175	1205	10
869	428	202	24	1245	1275	10
870	432	199	7	0	1725	10
871	391	112	24	0	1717	10
872	451	305	13	0	1706	10
873	214	311	14	1451	1481	10
874	465	367	14	935	965	10
875	164	473	26	1504	1534	10
876	364	173	30	575	605	10
877	274	261	20	39	69	10
878	133	455	25	314	344	10
879	351	481	10	1506	1536	10
880	115	395	11	1156	1186	10
881	297	304	4	1350	1380	10
882	7	194	29	0	1665	10
883	409	255	23	1034	1064	10
884	87	213	18	727	757	10
885	60	246	25	0	1724	10
886	3	471	13	1264	1294	10
887	418	251	21	1258	1288	10
888	153	362	7	1690	1720	10
889	323	77	36	1356	1386	10
890	143	158	12	1722	1752	10
891	351	148	30	0	1771	10
892	426	38	23	1105	1135	10
893	226	316	21	1189	1219	10
894	347	192	18	0	1801	10
895	102	6	3	314	344	10
896	41	120	22	1352	1382	10
897	247	443	17	0	1721	10
898	218	271	16	168	198	10
899	376	385	12	0	1730	10
900	241	402	11	1242	1272	10
901	213	399	18	0	1761	10
902	32	191	5	490	520	10
903	441	374	10	0	1687	10
904	376	113	8	1114	1144	10
905	215	434	9	0	1727	10
906	499	316	18	541	571	10
907	318	497	21	946	976	10
908	256	441	34	320	350	10
909	174	397	32	0	1749	10
910	468	360	16	257	287	10
911	287	256	18	242	272	10
912	448	397	33	1568	1598	10
913	352	487	27	0	1656	10
914	253	118	19	0	1782	10
915	159	299	12	733	763	10
916	351	233	21	0	1812	10
917	268	113	21	1592	1622	10
918	164	332	19	0	1796	10
919	88	484	5	937	967	10
920	360	488	19	0	1652	10
921	343	166	28	1290	1320	10
922	497	266	25	1583	1613	10
923	138	406	8	546	576	10
924	420	224	10	0	1743	10
925	231	410	14	0	1753	10
926	199	438	3	0	1720	10
927	219	215	32	1753	1783	10
928	365	274	14	944	974	10
929	481	454	14	0	1606	10
930	187	61	19	0	1715	10
931	372	97	13	560	590	10
932	187	263	35	726	756	10
933	371	427	23	628	658	10
934	74	215	10	0	1735	10
935	375	145	12	1655	1685	10
936	365	28	9	780	810	10
937	118	314	26	0	1768	10
938	60	29	32	1185	1215	10
939	478	300	12	935	965	10
940	33	152	17	0	1676	10
941	347	184	15	801	831	10
942	94	40	24	1447	1477	10
943	290	328	7	1500	1530	10
944	96	346	26	431	461	10
945	97	288	22	1238	1268	10
946	176	470	14	1652	1682	10
947	206	97	33	1396	1426	10
948	210	133	15	1317	1347	10
949	489	457	13	698	728	10
950	418	399	20	443	473	10
951	392	491	10	1436	1466	10
952	437	19	15	1088	1118	10
953	495	83	32	797	827	10
954	468	352	9	0	1674	10
955	390	120	24	1277	1307	10
956	80	357	1	1165	1195	10
957	394	310	10	473	503	10
958	61	441	27	1473	1503	10
959	52	303	25	1272	1302	10
960	391	202	14	623	653	10
961	36	451	15	0	1621	10
962	276	84	20	1594	1624	10
963	130	140	17	1409	1439	10
964	16	287	12	0	1678	10
965	292	136	28	798	828	10
966	53	204	8	1117	1147	10
967	359	287	24	0	1799	10
968	309	29	11	0	1686	10
969	473	491	23	0	1586	10
970	273	255	18	0	1891	10
971	263	153	12	1754	1784	10
972	328	458	17	1335	1365	10
973	401	164	13	0	1741	10
974	480	119	7	1270	1300	10
975	488	96	22	676	706	10
976	149	98	4	0	1732	10
977	49	437	7	0	1640	10
978	440	77	14	598	628	10
979	43	135	31	847	877	10
980	188	151	7	240	270	10
981	175	422	24	0	1727	10
982	48	437	4	1510	1540	10
983	334	403	26	493	523	10
984	372	115	13	0	1733	10
985	111	192	11	1493	1523	10
986	357	290	24	0	1800	10
987	331	134	11	1123	1153	10
988	495	199	25	860	890	10
989	441	60	21	801	831	10
990	51	89	19	1348	1378	10
991	452	206	31	889	919	10
992	195	386	13	885	915	10
993	172	24	17	0	1675	10
994	408	318	15	1668	1698	10
995	410	399	25	551	581	10
996	413	345	20	0	1726	10
997	215	129	17	0	1789	10
998	380	350	15	0	1750	10
999	19	38	15	1224	1254	10
1000	166	247	1	1350	1380	10
