r1_10_1_50_10_5

VEHICLE
NUMBER	CAPACITY	WORLD_RECORD
250	200	250


CUSTOMER
CUST NO.   XCOORD.   YCOORD.    DEMAND   READY TIME   DUE DATE   SERVICE TIME

0	250	250	0	0	1925	0
1	171	34	21	0	1685	10
2	67	190	25	0	1722	10
3	80	400	10	0	1688	10
4	439	237	11	0	1725	10
5	377	385	6	1537	1547	10
6	449	428	25	1199	1209	10
7	342	481	18	567	577	10
8	466	149	16	0	1676	10
9	83	290	14	382	392	10
10	251	63	14	1501	1511	10
11	328	491	21	0	1661	10
12	260	472	33	0	1692	10
13	290	145	5	0	1802	10
14	266	221	9	0	1881	10
15	164	320	12	314	324	10
16	52	412	22	496	506	10
17	485	104	21	0	1638	10
18	144	331	13	1368	1378	10
19	387	394	8	0	1716	10
20	472	57	17	524	534	10
21	343	276	15	923	933	10
22	104	349	20	1490	1500	10
23	28	467	34	1017	1027	10
24	91	427	14	660	670	10
25	429	476	23	0	1626	10
26	210	276	5	1519	1529	10
27	58	39	12	0	1629	10
28	273	300	30	1400	1410	10
29	41	232	16	787	797	10
30	25	53	23	1536	1546	10
31	52	18	28	601	611	10
32	27	444	22	381	391	10
33	178	72	23	0	1722	10
34	406	460	2	0	1653	10
35	250	328	24	192	202	10
36	492	34	5	0	1590	10
37	412	100	1	523	533	10
38	233	87	18	419	429	10
39	60	5	18	1045	1055	10
40	406	408	15	0	1692	10
41	245	42	24	0	1706	10
42	166	345	14	347	357	10
43	440	294	16	1227	1237	10
44	370	382	11	0	1736	10
45	32	319	21	0	1686	10
46	480	136	22	1630	1640	10
47	371	163	21	372	382	10
48	0	188	26	0	1657	10
49	438	5	18	0	1606	10
50	132	477	25	948	958	10
51	203	211	20	168	178	10
52	2	264	40	1367	1377	10
53	231	167	15	1152	1162	10
54	423	221	9	0	1739	10
55	459	53	20	0	1627	10
56	386	154	31	0	1748	10
57	130	494	6	0	1643	10
58	31	175	24	0	1683	10
59	69	423	32	0	1664	10
60	352	241	5	0	1812	10
61	261	201	15	250	260	10
62	59	276	11	0	1722	10
63	146	188	6	997	1007	10
64	451	62	5	475	485	10
65	299	285	3	0	1854	10
66	142	372	18	1628	1638	10
67	440	201	29	673	683	10
68	219	210	14	378	388	10
69	64	198	10	1137	1147	10
70	390	249	21	0	1774	10
71	9	101	16	0	1631	10
72	424	288	13	1370	1380	10
73	77	372	19	0	1703	10
74	298	264	36	0	1865	10
75	405	454	11	0	1658	10
76	407	35	11	930	940	10
77	225	369	38	316	326	10
78	347	459	25	0	1684	10
79	117	178	28	1150	1160	10
80	132	479	11	0	1657	10
81	201	66	14	939	949	10
82	245	176	20	0	1840	10
83	470	138	16	1366	1376	10
84	115	296	24	0	1772	10
85	348	476	19	0	1668	10
86	43	210	20	0	1704	10
87	327	139	13	0	1779	10
88	49	353	15	0	1689	10
89	356	256	19	1026	1036	10
90	335	99	25	1479	1489	10
91	363	34	19	0	1671	10
92	33	278	18	0	1696	10
93	366	288	29	1479	1489	10
94	452	172	9	0	1698	10
95	86	189	21	304	314	10
96	262	369	15	269	279	10
97	218	403	15	0	1758	10
98	218	12	3	1352	1362	10
99	228	399	14	795	805	10
100	492	188	33	341	351	10
101	267	174	34	0	1837	10
102	274	441	12	0	1722	10
103	210	113	28	0	1772	10
104	370	262	15	0	1794	10
105	303	186	10	1481	1491	10
106	241	180	13	0	1844	10
107	100	85	14	1351	1361	10
108	350	199	21	0	1802	10
109	500	228	8	0	1664	10
110	251	238	27	0	1902	10
111	114	102	21	0	1714	10
112	345	146	27	1033	1043	10
113	21	146	21	1503	1513	10
114	330	147	28	713	723	10
115	476	61	36	493	503	10
116	386	245	16	0	1778	10
117	201	278	13	170	180	10
118	421	499	23	0	1612	10
119	426	231	24	0	1737	10
120	105	137	32	350	360	10
121	64	437	11	0	1651	10
122	181	260	23	789	799	10
123	413	391	8	0	1699	10
124	370	493	22	622	632	10
125	447	267	19	1585	1595	10
126	232	101	24	1693	1703	10
127	371	332	14	1610	1620	10
128	447	383	17	0	1677	10
129	325	147	14	0	1787	10
130	489	437	29	1590	1600	10
131	415	95	15	0	1688	10
132	331	356	13	1607	1617	10
133	374	346	27	1576	1586	10
134	108	37	23	0	1659	10
135	5	224	19	1375	1385	10
136	93	413	17	0	1688	10
137	210	29	13	0	1690	10
138	136	265	12	0	1800	10
139	409	155	19	0	1729	10
140	111	178	18	589	599	10
141	291	251	20	0	1873	10
142	322	290	23	1675	1685	10
143	57	183	15	0	1710	10
144	181	185	19	1100	1110	10
145	7	382	27	0	1638	10
146	425	448	9	283	293	10
147	174	41	15	0	1692	10
148	161	276	8	0	1822	10
149	398	49	21	0	1665	10
150	210	379	12	0	1779	10
151	60	231	32	1461	1471	10
152	453	360	13	1538	1548	10
153	367	97	17	1195	1205	10
154	488	3	3	1518	1528	10
155	44	115	24	1631	1641	10
156	48	293	22	1655	1665	10
157	64	135	11	218	228	10
158	65	62	15	728	738	10
159	404	207	6	0	1755	10
160	68	303	22	0	1725	10
161	263	418	25	384	394	10
162	147	30	26	0	1672	10
163	384	149	18	1314	1324	10
164	340	416	36	0	1726	10
165	271	128	12	1572	1582	10
166	89	358	23	742	752	10
167	20	480	25	0	1589	10
168	488	173	25	1389	1399	10
169	439	156	2	0	1703	10
170	389	156	27	748	758	10
171	111	392	18	0	1716	10
172	267	162	6	1187	1197	10
173	248	176	32	315	325	10
174	413	476	34	0	1636	10
175	352	481	15	1175	1185	10
176	264	135	1	0	1799	10
177	29	462	17	0	1608	10
178	148	462	10	0	1679	10
179	44	140	11	332	342	10
180	414	378	23	1686	1696	10
181	392	95	16	0	1704	10
182	216	341	19	1517	1527	10
183	211	411	15	0	1749	10
184	317	45	8	0	1699	10
185	178	150	33	1526	1536	10
186	428	302	27	1577	1587	10
187	450	45	24	1404	1414	10
188	453	318	30	0	1700	10
189	186	135	24	1136	1146	10
190	11	403	18	0	1631	10
191	433	447	20	1175	1185	10
192	272	420	7	0	1743	10
193	429	59	9	845	855	10
194	200	27	22	0	1686	10
195	498	171	12	1278	1288	10
196	487	320	21	0	1667	10
197	45	166	22	0	1693	10
198	490	276	33	971	981	10
199	126	391	19	0	1727	10
200	92	18	8	536	546	10
201	293	228	19	0	1866	10
202	343	205	26	1615	1625	10
203	182	480	31	0	1675	10
204	385	285	13	0	1775	10
205	44	344	12	590	600	10
206	170	347	15	943	953	10
207	457	492	7	1564	1574	10
208	124	448	6	1319	1329	10
209	398	210	31	0	1761	10
210	75	118	21	0	1695	10
211	105	474	27	693	703	10
212	134	211	35	1195	1205	10
213	211	248	26	301	311	10
214	212	186	11	1311	1321	10
215	492	335	10	1508	1518	10
216	497	483	12	443	453	10
217	440	436	18	0	1649	10
218	311	203	15	0	1837	10
219	491	369	28	0	1646	10
220	67	378	26	0	1691	10
221	383	17	15	1421	1431	10
222	7	82	25	1348	1358	10
223	342	319	36	1099	1109	10
224	78	406	15	1347	1357	10
225	103	123	8	1154	1164	10
226	241	38	16	789	799	10
227	224	3	10	0	1666	10
228	436	467	12	1409	1419	10
229	438	488	18	1370	1380	10
230	351	60	15	0	1699	10
231	13	214	21	0	1675	10
232	429	67	16	802	812	10
233	498	456	27	0	1592	10
234	135	400	20	196	206	10
235	215	293	13	1437	1447	10
236	354	416	10	0	1719	10
237	294	421	26	344	354	10
238	208	445	22	1116	1126	10
239	230	320	8	1179	1189	10
240	157	38	3	0	1683	10
241	441	100	31	0	1672	10
242	61	170	20	1601	1611	10
243	79	467	22	0	1638	10
244	365	190	22	0	1785	10
245	282	1	18	0	1663	10
246	124	111	15	521	531	10
247	247	219	17	1599	1609	10
248	28	180	34	0	1682	10
249	167	488	17	0	1662	10
250	442	289	25	0	1719	10
251	136	430	14	466	476	10
252	38	15	3	551	561	10
253	246	314	36	0	1850	10
254	176	200	17	1280	1290	10
255	337	232	2	0	1826	10
256	257	133	19	0	1797	10
257	295	247	12	81	91	10
258	39	162	18	0	1686	10
259	79	257	26	1152	1162	10
260	236	126	23	0	1790	10
261	259	498	33	1503	1513	10
262	180	162	9	1177	1187	10
263	53	466	9	0	1622	10
264	167	291	27	0	1822	10
265	89	185	16	0	1741	10
266	487	446	9	0	1607	10
267	308	199	14	632	642	10
268	481	84	17	0	1630	10
269	495	227	20	0	1668	10
270	397	57	17	0	1672	10
271	372	39	10	792	802	10
272	278	450	29	1153	1163	10
273	292	32	14	0	1692	10
274	90	496	13	0	1621	10
275	68	53	16	1212	1222	10
276	371	423	10	1113	1123	10
277	273	149	14	182	192	10
278	297	283	28	0	1857	10
279	120	37	28	0	1665	10
280	371	488	10	536	546	10
281	206	174	14	1072	1082	10
282	174	347	3	1648	1658	10
283	330	281	14	441	451	10
284	67	451	5	0	1643	10
285	27	464	21	1433	1443	10
286	361	178	5	0	1782	10
287	463	406	23	0	1650	10
288	456	157	20	231	241	10
289	153	244	5	0	1817	10
290	153	192	13	1453	1463	10
291	352	63	6	0	1701	10
292	371	71	21	446	456	10
293	163	472	9	0	1676	10
294	448	495	40	0	1599	10
295	282	10	30	866	876	10
296	66	163	6	990	1000	10
297	314	205	22	0	1836	10
298	83	169	21	1175	1185	10
299	221	291	9	1000	1010	10
300	374	116	9	0	1732	10
301	418	269	3	0	1745	10
302	178	302	19	727	737	10
303	250	57	26	1613	1623	10
304	475	352	33	253	263	10
305	1	252	5	420	430	10
306	286	356	30	1308	1318	10
307	65	82	13	323	333	10
308	154	392	9	1414	1424	10
309	196	56	15	1051	1061	10
310	366	390	23	0	1733	10
311	436	25	19	771	781	10
312	67	352	20	943	953	10
313	173	182	25	0	1812	10
314	390	34	7	523	533	10
315	18	225	8	0	1681	10
316	57	43	15	0	1631	10
317	388	44	22	0	1667	10
318	269	112	19	0	1775	10
319	374	260	27	869	879	10
320	291	213	23	0	1859	10
321	178	420	18	0	1730	10
322	389	255	15	1083	1093	10
323	134	194	19	311	321	10
324	93	490	2	0	1628	10
325	64	294	12	1170	1180	10
326	493	111	26	700	710	10
327	150	484	16	0	1660	10
328	235	316	2	0	1847	10
329	239	15	2	235	245	10
330	193	138	30	0	1789	10
331	40	278	10	0	1703	10
332	307	52	23	0	1708	10
333	161	416	25	1315	1325	10
334	381	457	28	0	1670	10
335	55	318	13	0	1708	10
336	80	279	19	332	342	10
337	48	162	15	1312	1322	10
338	91	27	14	1497	1507	10
339	288	70	24	827	837	10
340	177	404	17	866	876	10
341	10	237	19	317	327	10
342	493	493	20	0	1571	10
343	440	292	24	646	656	10
344	349	76	15	608	618	10
345	47	208	30	0	1707	10
346	283	454	14	206	216	10
347	486	324	15	0	1667	10
348	392	87	23	264	274	10
349	122	422	3	0	1700	10
350	37	281	17	0	1699	10
351	413	127	28	0	1710	10
352	222	499	7	514	524	10
353	211	446	15	1545	1555	10
354	30	7	23	0	1587	10
355	398	341	33	0	1741	10
356	26	67	15	0	1625	10
357	461	186	16	1034	1044	10
358	313	391	5	0	1760	10
359	471	94	30	0	1644	10
360	341	72	9	395	405	10
361	130	186	16	161	171	10
362	257	57	18	1154	1164	10
363	94	344	26	580	590	10
364	6	53	8	1540	1550	10
365	146	376	8	0	1751	10
366	244	13	24	0	1677	10
367	29	336	22	0	1677	10
368	306	42	11	0	1699	10
369	177	486	20	894	904	10
370	489	338	17	1082	1092	10
371	179	318	2	1540	1550	10
372	344	203	14	1717	1727	10
373	149	341	6	0	1779	10
374	307	412	8	0	1743	10
375	68	450	18	1296	1306	10
376	420	80	24	596	606	10
377	144	220	35	843	853	10
378	497	54	14	0	1599	10
379	80	458	30	0	1646	10
380	84	377	10	492	502	10
381	332	382	2	506	516	10
382	6	196	20	1257	1267	10
383	104	28	8	1046	1056	10
384	224	320	36	74	84	10
385	87	3	13	1045	1055	10
386	149	214	7	0	1807	10
387	98	29	14	1510	1520	10
388	135	30	12	492	502	10
389	287	397	12	1688	1698	10
390	107	374	8	0	1725	10
391	355	485	10	1452	1462	10
392	51	286	14	0	1712	10
393	49	118	3	0	1674	10
394	159	226	16	0	1820	10
395	185	431	15	0	1722	10
396	262	92	25	0	1756	10
397	475	198	20	0	1684	10
398	142	30	32	0	1669	10
399	481	207	34	1330	1340	10
400	174	122	14	0	1766	10
401	35	263	27	0	1699	10
402	24	71	11	0	1626	10
403	173	65	12	0	1714	10
404	91	326	4	0	1738	10
405	470	417	11	469	479	10
406	397	153	29	0	1738	10
407	295	283	26	1143	1153	10
408	174	376	8	0	1767	10
409	38	190	23	0	1694	10
410	16	68	11	0	1618	10
411	179	286	8	0	1835	10
412	244	422	14	0	1742	10
413	250	441	5	0	1724	10
414	497	18	10	776	786	10
415	195	111	15	0	1765	10
416	26	221	28	1309	1319	10
417	442	5	16	1491	1501	10
418	44	496	32	0	1594	10
419	448	404	15	0	1664	10
420	471	427	8	409	419	10
421	460	424	11	1183	1193	10
422	461	195	26	0	1696	10
423	146	313	22	0	1793	10
424	19	273	25	1078	1088	10
425	245	461	8	1190	1200	10
426	69	266	12	0	1733	10
427	191	84	13	0	1738	10
428	68	160	21	1260	1270	10
429	212	47	20	0	1708	10
430	80	337	28	0	1724	10
431	412	478	7	0	1635	10
432	225	488	28	310	320	10
433	105	140	27	0	1732	10
434	389	43	21	0	1665	10
435	177	156	25	0	1795	10
436	179	497	1	920	930	10
437	377	432	20	0	1693	10
438	497	296	14	899	909	10
439	152	476	45	1594	1604	10
440	277	428	7	1281	1291	10
441	64	5	14	720	730	10
442	44	311	27	0	1700	10
443	165	59	27	972	982	10
444	261	138	1	0	1802	10
445	268	351	7	0	1812	10
446	48	150	15	833	843	10
447	215	79	5	230	240	10
448	109	56	27	701	711	10
449	171	188	30	822	832	10
450	284	457	17	0	1705	10
451	274	442	17	0	1721	10
452	33	286	11	1069	1079	10
453	112	433	29	0	1685	10
454	423	170	27	283	293	10
455	213	283	14	0	1865	10
456	240	34	28	0	1698	10
457	283	438	3	696	706	10
458	324	99	10	1136	1146	10
459	259	301	25	0	1863	10
460	189	402	10	334	344	10
461	215	282	21	602	612	10
462	166	440	12	526	536	10
463	374	232	33	0	1789	10
464	339	113	14	1708	1718	10
465	335	46	18	0	1694	10
466	313	493	20	1535	1545	10
467	432	66	30	0	1656	10
468	76	462	18	0	1640	10
469	397	477	13	0	1644	10
470	196	489	23	0	1669	10
471	354	156	20	0	1774	10
472	171	24	11	1128	1138	10
473	187	73	18	0	1727	10
474	243	408	15	1484	1494	10
475	421	387	15	470	480	10
476	141	426	23	0	1707	10
477	415	118	19	0	1703	10
478	240	255	33	0	1903	10
479	162	388	11	0	1751	10
480	413	493	26	0	1622	10
481	69	414	6	547	557	10
482	273	70	36	0	1733	10
483	142	14	18	1473	1483	10
484	185	434	9	0	1719	10
485	360	294	9	0	1796	10
486	265	240	9	1068	1078	10
487	280	245	21	317	327	10
488	87	51	35	353	363	10
489	195	273	22	0	1855	10
490	422	498	5	0	1613	10
491	95	64	4	0	1672	10
492	63	155	7	585	595	10
493	24	259	19	0	1688	10
494	376	92	10	876	886	10
495	83	300	26	0	1740	10
496	72	477	46	654	664	10
497	380	194	3	787	797	10
498	72	227	25	0	1735	10
499	238	123	24	0	1787	10
500	188	119	44	0	1770	10
501	229	322	11	663	673	10
502	150	68	23	0	1707	10
503	67	24	10	492	502	10
504	63	420	19	1317	1327	10
505	339	144	13	0	1776	10
506	454	201	16	1110	1120	10
507	158	24	18	410	420	10
508	365	119	30	422	432	10
509	440	284	25	451	461	10
510	417	212	12	889	899	10
511	404	439	3	1604	1614	10
512	472	248	11	0	1692	10
513	235	108	12	0	1772	10
514	174	67	15	0	1716	10
515	132	151	22	0	1760	10
516	217	207	26	0	1860	10
517	162	306	22	994	1004	10
518	48	366	29	0	1682	10
519	209	68	27	0	1728	10
520	94	497	31	0	1622	10
521	110	122	14	1087	1097	10
522	274	403	17	823	833	10
523	421	386	29	398	408	10
524	399	175	13	0	1748	10
525	56	268	28	0	1720	10
526	322	406	17	529	539	10
527	244	277	18	0	1887	10
528	105	181	19	931	941	10
529	30	97	23	920	930	10
530	359	246	18	0	1805	10
531	498	457	15	1086	1096	10
532	190	267	36	0	1852	10
533	334	481	32	1229	1239	10
534	18	24	32	0	1591	10
535	482	104	19	0	1640	10
536	460	328	13	1213	1223	10
537	320	211	16	1146	1156	10
538	494	165	19	0	1656	10
539	167	445	7	470	480	10
540	340	291	22	0	1816	10
541	272	234	26	0	1887	10
542	325	56	13	0	1707	10
543	71	304	19	0	1728	10
544	87	311	7	398	408	10
545	207	487	4	1082	1092	10
546	332	5	14	0	1656	10
547	161	275	21	766	776	10
548	268	458	24	0	1706	10
549	175	352	12	0	1788	10
550	398	476	25	0	1644	10
551	51	360	13	0	1687	10
552	21	70	15	1184	1194	10
553	80	251	14	463	473	10
554	457	280	17	1106	1116	10
555	423	315	12	0	1730	10
556	66	88	2	0	1669	10
557	479	387	13	0	1648	10
558	436	123	40	0	1689	10
559	286	244	31	246	256	10
560	449	190	2	1678	1688	10
561	456	113	17	0	1667	10
562	480	152	26	1632	1642	10
563	100	266	5	0	1764	10
564	343	34	7	258	268	10
565	374	306	4	1439	1449	10
566	13	465	31	0	1595	10
567	230	487	20	0	1677	10
568	442	153	29	0	1699	10
569	240	362	23	0	1802	10
570	433	319	11	1533	1543	10
571	0	422	8	0	1611	10
572	297	131	25	1676	1686	10
573	71	12	2	0	1617	10
574	44	440	24	830	840	10
575	447	184	27	0	1707	10
576	341	59	27	0	1703	10
577	132	32	18	669	679	10
578	411	396	23	1099	1109	10
579	450	416	25	0	1655	10
580	323	34	13	416	426	10
581	244	368	25	119	129	10
582	90	477	18	912	922	10
583	34	169	11	1365	1375	10
584	351	128	15	0	1756	10
585	71	282	29	1513	1523	10
586	157	269	31	174	184	10
587	392	1	11	773	783	10
588	39	153	26	1137	1147	10
589	306	229	10	1485	1495	10
590	415	253	21	898	908	10
591	92	76	4	908	918	10
592	437	98	16	1326	1336	10
593	12	367	27	0	1649	10
594	448	414	23	0	1657	10
595	128	113	22	0	1731	10
596	43	360	2	586	596	10
597	102	422	23	0	1688	10
598	480	131	5	0	1656	10
599	210	81	2	1408	1418	10
600	432	2	20	0	1607	10
601	396	83	15	0	1693	10
602	489	159	29	0	1659	10
603	56	75	24	1030	1040	10
604	66	31	25	1347	1357	10
605	460	117	14	0	1666	10
606	175	239	23	0	1839	10
607	217	333	26	0	1825	10
608	62	375	16	1587	1597	10
609	82	183	17	742	752	10
610	248	214	19	274	284	10
611	385	239	21	484	494	10
612	371	315	18	1332	1342	10
613	333	163	32	354	364	10
614	100	66	15	1295	1305	10
615	311	422	29	298	308	10
616	153	235	10	0	1816	10
617	168	109	10	444	454	10
618	284	319	17	289	299	10
619	195	464	20	0	1694	10
620	382	9	30	1450	1460	10
621	325	210	15	0	1830	10
622	366	334	5	0	1771	10
623	200	78	31	0	1735	10
624	351	5	12	1113	1123	10
625	197	202	29	768	778	10
626	270	337	20	0	1825	10
627	125	65	17	0	1691	10
628	120	17	30	495	505	10
629	84	255	13	982	992	10
630	222	331	10	0	1829	10
631	332	459	35	0	1690	10
632	226	175	23	1337	1347	10
633	404	140	8	0	1725	10
634	223	178	20	1819	1829	10
635	330	308	24	449	459	10
636	140	108	29	1196	1206	10
637	34	239	16	1463	1473	10
638	94	192	1	0	1748	10
639	458	213	22	0	1703	10
640	13	314	14	0	1669	10
641	202	391	30	435	445	10
642	339	41	6	0	1687	10
643	224	56	13	0	1719	10
644	345	431	12	0	1710	10
645	292	104	26	0	1763	10
646	318	99	35	1244	1254	10
647	46	248	9	0	1710	10
648	482	184	14	0	1673	10
649	411	379	25	0	1708	10
650	293	174	31	0	1827	10
651	169	305	21	0	1817	10
652	394	47	5	589	599	10
653	323	29	7	535	545	10
654	65	343	38	741	751	10
655	158	179	37	0	1798	10
656	299	353	34	0	1800	10
657	9	233	31	0	1673	10
658	330	138	18	0	1777	10
659	48	412	7	1219	1229	10
660	385	17	40	0	1645	10
661	382	110	24	0	1722	10
662	336	493	20	0	1657	10
663	181	441	25	1428	1438	10
664	162	301	16	1559	1569	10
665	1	101	8	0	1624	10
666	80	117	24	0	1699	10
667	210	219	7	0	1864	10
668	404	59	13	0	1669	10
669	288	439	16	0	1722	10
670	149	458	13	0	1683	10
671	257	391	22	1118	1128	10
672	405	349	15	0	1731	10
673	191	215	17	0	1846	10
674	231	29	14	921	931	10
675	253	50	27	908	918	10
676	441	177	23	736	746	10
677	5	445	30	0	1601	10
678	463	253	23	381	391	10
679	435	180	37	0	1717	10
680	198	85	28	1631	1641	10
681	59	388	20	0	1679	10
682	373	418	6	758	768	10
683	142	80	12	410	420	10
684	441	7	20	0	1605	10
685	33	268	18	0	1697	10
686	355	174	33	0	1785	10
687	228	260	12	0	1890	10
688	114	460	14	0	1664	10
689	337	41	8	1144	1154	10
690	154	374	36	0	1758	10
691	235	13	27	0	1677	10
692	303	78	12	938	948	10
693	103	464	22	1286	1296	10
694	325	311	22	1075	1085	10
695	306	235	25	1442	1452	10
696	382	360	26	1084	1094	10
697	235	288	18	0	1874	10
698	0	356	13	0	1643	10
699	178	135	21	0	1779	10
700	226	423	15	1565	1575	10
701	15	11	15	546	556	10
702	144	35	26	423	433	10
703	176	199	28	683	693	10
704	247	306	33	1649	1659	10
705	396	417	13	1600	1610	10
706	289	220	19	511	521	10
707	23	235	43	0	1687	10
708	137	377	23	0	1745	10
709	400	71	17	0	1681	10
710	261	359	10	0	1805	10
711	438	127	2	668	678	10
712	318	280	21	190	200	10
713	333	293	27	1390	1400	10
714	436	295	11	0	1723	10
715	62	94	16	0	1670	10
716	495	355	3	1166	1176	10
717	13	394	15	332	342	10
718	172	292	17	0	1826	10
719	14	232	18	0	1678	10
720	437	90	12	539	549	10
721	214	274	24	0	1871	10
722	420	383	27	517	527	10
723	120	261	5	0	1784	10
724	179	75	13	0	1726	10
725	484	224	7	0	1679	10
726	214	245	8	0	1878	10
727	395	474	26	0	1648	10
728	368	311	14	0	1782	10
729	199	203	20	1589	1599	10
730	485	428	22	0	1620	10
731	86	199	23	1325	1335	10
732	447	272	12	0	1716	10
733	40	304	16	0	1698	10
734	475	267	7	1117	1127	10
735	482	141	14	0	1658	10
736	489	274	31	0	1674	10
737	26	342	12	351	361	10
738	139	438	24	0	1696	10
739	12	358	7	0	1653	10
740	125	61	26	1599	1609	10
741	360	284	19	383	393	10
742	29	358	23	1204	1214	10
743	285	247	13	0	1879	10
744	248	386	22	0	1778	10
745	415	207	18	0	1744	10
746	130	247	17	0	1794	10
747	172	66	18	1466	1476	10
748	92	259	4	325	335	10
749	379	486	22	1033	1043	10
750	452	484	26	0	1605	10
751	268	288	26	0	1872	10
752	349	43	26	0	1685	10
753	225	269	30	392	402	10
754	50	383	20	778	788	10
755	110	251	23	0	1774	10
756	461	182	13	413	423	10
757	255	487	19	430	440	10
758	133	202	33	1052	1062	10
759	34	329	2	0	1685	10
760	368	452	16	640	650	10
761	242	106	28	1730	1740	10
762	171	303	18	0	1819	10
763	329	456	19	0	1694	10
764	490	286	29	877	887	10
765	61	214	4	593	603	10
766	365	74	24	0	1704	10
767	321	149	18	724	734	10
768	84	453	19	0	1652	10
769	26	442	23	788	798	10
770	180	283	23	0	1837	10
771	394	322	12	160	170	10
772	348	348	23	874	884	10
773	309	161	23	0	1808	10
774	385	58	24	0	1680	10
775	228	287	21	697	707	10
776	312	453	6	373	383	10
777	35	344	21	1106	1116	10
778	393	98	13	653	663	10
779	208	488	22	553	563	10
780	235	33	30	1506	1516	10
781	140	137	32	0	1757	10
782	405	187	34	529	539	10
783	330	371	1	1030	1040	10
784	265	0	10	0	1664	10
785	295	89	23	0	1747	10
786	3	23	11	1267	1277	10
787	363	225	35	0	1799	10
788	148	208	22	0	1804	10
789	466	362	15	249	259	10
790	267	290	15	0	1871	10
791	98	2	14	0	1624	10
792	131	246	17	525	535	10
793	418	75	11	0	1672	10
794	366	260	23	0	1798	10
795	138	28	23	634	644	10
796	209	212	18	1252	1262	10
797	443	167	17	311	321	10
798	156	65	22	1429	1439	10
799	279	355	9	1366	1376	10
800	206	172	29	0	1825	10
801	32	94	14	1355	1365	10
802	301	239	31	0	1862	10
803	471	368	19	0	1664	10
804	133	273	20	209	219	10
805	253	74	20	1481	1491	10
806	470	405	17	1087	1097	10
807	77	172	23	886	896	10
808	77	465	11	0	1639	10
809	466	96	22	1128	1138	10
810	402	277	5	0	1760	10
811	267	374	23	0	1789	10
812	450	194	27	1607	1617	10
813	89	65	16	0	1669	10
814	429	389	18	1334	1344	10
815	202	28	22	802	812	10
816	46	389	22	0	1668	10
817	246	407	12	0	1757	10
818	452	110	14	0	1669	10
819	213	185	21	0	1840	10
820	134	276	15	0	1796	10
821	262	97	17	0	1761	10
822	469	489	4	1053	1063	10
823	364	71	5	0	1702	10
824	68	240	11	0	1732	10
825	494	468	31	0	1587	10
826	439	222	22	1391	1401	10
827	386	225	13	1545	1555	10
828	434	359	13	791	801	10
829	103	177	28	0	1750	10
830	89	322	21	0	1738	10
831	307	249	10	643	653	10
832	30	155	9	733	743	10
833	401	314	25	0	1750	10
834	217	357	23	1431	1441	10
835	373	421	21	0	1704	10
836	5	281	16	1049	1059	10
837	173	474	14	470	480	10
838	36	301	21	0	1695	10
839	429	169	8	1116	1126	10
840	195	450	16	0	1707	10
841	95	382	19	0	1711	10
842	225	121	18	0	1783	10
843	10	407	36	0	1628	10
844	221	269	14	1212	1222	10
845	264	180	33	0	1843	10
846	168	59	6	1044	1054	10
847	281	96	1	0	1757	10
848	387	349	9	746	756	10
849	398	329	17	0	1747	10
850	239	486	3	477	487	10
851	237	420	15	429	439	10
852	346	354	8	0	1773	10
853	172	314	9	163	173	10
854	233	230	20	0	1888	10
855	79	80	19	0	1673	10
856	243	402	13	0	1762	10
857	117	110	13	0	1721	10
858	66	314	26	1363	1373	10
859	58	391	16	0	1676	10
860	142	360	20	1415	1425	10
861	492	326	19	0	1661	10
862	381	328	12	0	1762	10
863	62	236	29	0	1726	10
864	344	70	24	0	1711	10
865	151	81	28	1527	1537	10
866	240	240	35	926	936	10
867	46	163	8	629	639	10
868	455	168	21	0	1694	10
869	428	202	24	0	1730	10
870	432	199	7	0	1725	10
871	391	112	24	1085	1095	10
872	451	305	13	225	235	10
873	214	311	14	1600	1610	10
874	465	367	14	945	955	10
875	164	473	26	1647	1657	10
876	364	173	30	0	1777	10
877	274	261	20	695	705	10
878	133	455	25	0	1678	10
879	351	481	10	1076	1086	10
880	115	395	11	0	1716	10
881	297	304	4	0	1843	10
882	7	194	29	0	1665	10
883	409	255	23	852	862	10
884	87	213	18	0	1747	10
885	60	246	25	0	1724	10
886	3	471	13	1060	1070	10
887	418	251	21	0	1746	10
888	153	362	7	0	1766	10
889	323	77	36	0	1727	10
890	143	158	12	974	984	10
891	351	148	30	0	1771	10
892	426	38	23	306	316	10
893	226	316	21	0	1844	10
894	347	192	18	1456	1466	10
895	102	6	3	1320	1330	10
896	41	120	22	1604	1614	10
897	247	443	17	378	388	10
898	218	271	16	0	1876	10
899	376	385	12	785	795	10
900	241	402	11	314	324	10
901	213	399	18	278	288	10
902	32	191	5	1151	1161	10
903	441	374	10	0	1687	10
904	376	113	8	0	1728	10
905	215	434	9	0	1727	10
906	499	316	18	0	1657	10
907	318	497	21	0	1658	10
908	256	441	34	0	1723	10
909	174	397	32	1099	1109	10
910	468	360	16	0	1670	10
911	287	256	18	499	509	10
912	448	397	33	0	1668	10
913	352	487	27	511	521	10
914	253	118	19	1726	1736	10
915	159	299	12	0	1811	10
916	351	233	21	0	1812	10
917	268	113	21	0	1776	10
918	164	332	19	966	976	10
919	88	484	5	284	294	10
920	360	488	19	1261	1271	10
921	343	166	28	1406	1416	10
922	497	266	25	1525	1535	10
923	138	406	8	543	553	10
924	420	224	10	1431	1441	10
925	231	410	14	1326	1336	10
926	199	438	3	1342	1352	10
927	219	215	32	0	1868	10
928	365	274	14	503	513	10
929	481	454	14	644	654	10
930	187	61	19	853	863	10
931	372	97	13	0	1719	10
932	187	263	35	853	863	10
933	371	427	23	452	462	10
934	74	215	10	1452	1462	10
935	375	145	12	648	658	10
936	365	28	9	0	1664	10
937	118	314	26	1745	1755	10
938	60	29	32	0	1623	10
939	478	300	12	0	1681	10
940	33	152	17	0	1676	10
941	347	184	15	0	1797	10
942	94	40	24	606	616	10
943	290	328	7	576	586	10
944	96	346	26	0	1733	10
945	97	288	22	570	580	10
946	176	470	14	1407	1417	10
947	206	97	33	472	482	10
948	210	133	15	1549	1559	10
949	489	457	13	0	1598	10
950	418	399	20	0	1690	10
951	392	491	10	0	1635	10
952	437	19	15	1467	1477	10
953	495	83	32	0	1618	10
954	468	352	9	1132	1142	10
955	390	120	24	624	634	10
956	80	357	1	1586	1596	10
957	394	310	10	1464	1474	10
958	61	441	27	462	472	10
959	52	303	25	1596	1606	10
960	391	202	14	0	1766	10
961	36	451	15	0	1621	10
962	276	84	20	0	1746	10
963	130	140	17	0	1752	10
964	16	287	12	0	1678	10
965	292	136	28	1637	1647	10
966	53	204	8	1648	1658	10
967	359	287	24	281	291	10
968	309	29	11	0	1686	10
969	473	491	23	0	1586	10
970	273	255	18	1278	1288	10
971	263	153	12	0	1817	10
972	328	458	17	1373	1383	10
973	401	164	13	1187	1197	10
974	480	119	7	0	1650	10
975	488	96	22	0	1631	10
976	149	98	4	0	1732	10
977	49	437	7	1292	1302	10
978	440	77	14	0	1658	10
979	43	135	31	1178	1188	10
980	188	151	7	355	365	10
981	175	422	24	0	1727	10
982	48	437	4	1403	1413	10
983	334	403	26	1500	1510	10
984	372	115	13	0	1733	10
985	111	192	11	0	1764	10
986	357	290	24	1241	1251	10
987	331	134	11	0	1773	10
988	495	199	25	0	1664	10
989	441	60	21	0	1645	10
990	51	89	19	0	1659	10
991	452	206	31	0	1708	10
992	195	386	13	0	1768	10
993	172	24	17	1466	1476	10
994	408	318	15	779	789	10
995	410	399	25	0	1696	10
996	413	345	20	0	1726	10
997	215	129	17	623	633	10
998	380	350	15	890	900	10
999	19	38	15	828	838	10
1000	166	247	1	522	532	10
