r1_10_1_50_10_1

VEHICLE
NUMBER	CAPACITY	WORLD_RECORD
250	200	250


CUSTOMER
CUST NO.   XCOORD.   YCOORD.    DEMAND   READY TIME   DUE DATE   SERVICE TIME

0	250	250	0	0	1925	0
1	171	34	21	0	1685	10
2	67	190	25	1289	1299	10
3	80	400	10	226	236	10
4	439	237	11	0	1725	10
5	377	385	6	406	416	10
6	449	428	25	389	399	10
7	342	481	18	507	517	10
8	466	149	16	730	740	10
9	83	290	14	790	800	10
10	251	63	14	1012	1022	10
11	328	491	21	0	1661	10
12	260	472	33	0	1692	10
13	290	145	5	452	462	10
14	266	221	9	0	1881	10
15	164	320	12	152	162	10
16	52	412	22	0	1659	10
17	485	104	21	839	849	10
18	144	331	13	1049	1059	10
19	387	394	8	406	416	10
20	472	57	17	0	1620	10
21	343	276	15	1470	1480	10
22	104	349	20	0	1738	10
23	28	467	34	0	1604	10
24	91	427	14	1229	1239	10
25	429	476	23	1456	1466	10
26	210	276	5	0	1867	10
27	58	39	12	0	1629	10
28	273	300	30	120	130	10
29	41	232	16	0	1705	10
30	25	53	23	0	1615	10
31	52	18	28	0	1609	10
32	27	444	22	848	858	10
33	178	72	23	1653	1663	10
34	406	460	2	0	1653	10
35	250	328	24	0	1837	10
36	492	34	5	0	1590	10
37	412	100	1	1227	1237	10
38	233	87	18	0	1751	10
39	60	5	18	0	1604	10
40	406	408	15	0	1692	10
41	245	42	24	1685	1695	10
42	166	345	14	1364	1374	10
43	440	294	16	617	627	10
44	370	382	11	0	1736	10
45	32	319	21	374	384	10
46	480	136	22	0	1658	10
47	371	163	21	1613	1623	10
48	0	188	26	663	673	10
49	438	5	18	0	1606	10
50	132	477	25	0	1659	10
51	203	211	20	90	100	10
52	2	264	40	0	1666	10
53	231	167	15	449	459	10
54	423	221	9	0	1739	10
55	459	53	20	941	951	10
56	386	154	31	0	1748	10
57	130	494	6	1054	1064	10
58	31	175	24	0	1683	10
59	69	423	32	0	1664	10
60	352	241	5	0	1812	10
61	261	201	15	0	1864	10
62	59	276	11	0	1722	10
63	146	188	6	0	1793	10
64	451	62	5	835	845	10
65	299	285	3	0	1854	10
66	142	372	18	1009	1019	10
67	440	201	29	1201	1211	10
68	219	210	14	0	1864	10
69	64	198	10	0	1721	10
70	390	249	21	0	1774	10
71	9	101	16	1496	1506	10
72	424	288	13	0	1736	10
73	77	372	19	414	424	10
74	298	264	36	0	1865	10
75	405	454	11	808	818	10
76	407	35	11	489	499	10
77	225	369	38	1667	1677	10
78	347	459	25	0	1684	10
79	117	178	28	1356	1366	10
80	132	479	11	1268	1278	10
81	201	66	14	0	1724	10
82	245	176	20	0	1840	10
83	470	138	16	0	1668	10
84	115	296	24	0	1772	10
85	348	476	19	0	1668	10
86	43	210	20	0	1704	10
87	327	139	13	834	844	10
88	49	353	15	1632	1642	10
89	356	256	19	0	1808	10
90	335	99	25	1143	1153	10
91	363	34	19	402	412	10
92	33	278	18	0	1696	10
93	366	288	29	0	1792	10
94	452	172	9	1068	1078	10
95	86	189	21	0	1740	10
96	262	369	15	511	521	10
97	218	403	15	1598	1608	10
98	218	12	3	1058	1068	10
99	228	399	14	0	1764	10
100	492	188	33	0	1665	10
101	267	174	34	0	1837	10
102	274	441	12	0	1722	10
103	210	113	28	1581	1591	10
104	370	262	15	0	1794	10
105	303	186	10	0	1831	10
106	241	180	13	1171	1181	10
107	100	85	14	241	251	10
108	350	199	21	1678	1688	10
109	500	228	8	1222	1232	10
110	251	238	27	1892	1902	10
111	114	102	21	0	1714	10
112	345	146	27	359	369	10
113	21	146	21	0	1663	10
114	330	147	28	1278	1288	10
115	476	61	36	0	1620	10
116	386	245	16	0	1778	10
117	201	278	13	1410	1420	10
118	421	499	23	1507	1517	10
119	426	231	24	1282	1292	10
120	105	137	32	371	381	10
121	64	437	11	286	296	10
122	181	260	23	111	121	10
123	413	391	8	0	1699	10
124	370	493	22	604	614	10
125	447	267	19	1499	1509	10
126	232	101	24	0	1764	10
127	371	332	14	1038	1048	10
128	447	383	17	1444	1454	10
129	325	147	14	0	1787	10
130	489	437	29	0	1611	10
131	415	95	15	1077	1087	10
132	331	356	13	1726	1736	10
133	374	346	27	1050	1060	10
134	108	37	23	0	1659	10
135	5	224	19	1380	1390	10
136	93	413	17	562	572	10
137	210	29	13	1402	1412	10
138	136	265	12	0	1800	10
139	409	155	19	1514	1524	10
140	111	178	18	0	1758	10
141	291	251	20	1055	1065	10
142	322	290	23	316	326	10
143	57	183	15	0	1710	10
144	181	185	19	0	1820	10
145	7	382	27	0	1638	10
146	425	448	9	408	418	10
147	174	41	15	0	1692	10
148	161	276	8	1320	1330	10
149	398	49	21	0	1665	10
150	210	379	12	0	1779	10
151	60	231	32	0	1724	10
152	453	360	13	0	1684	10
153	367	97	17	0	1722	10
154	488	3	3	587	597	10
155	44	115	24	600	610	10
156	48	293	22	1318	1328	10
157	64	135	11	502	512	10
158	65	62	15	0	1651	10
159	404	207	6	0	1755	10
160	68	303	22	0	1725	10
161	263	418	25	0	1746	10
162	147	30	26	943	953	10
163	384	149	18	0	1747	10
164	340	416	36	0	1726	10
165	271	128	12	380	390	10
166	89	358	23	217	227	10
167	20	480	25	408	418	10
168	488	173	25	0	1664	10
169	439	156	2	0	1703	10
170	389	156	27	1061	1071	10
171	111	392	18	675	685	10
172	267	162	6	1800	1810	10
173	248	176	32	0	1840	10
174	413	476	34	789	799	10
175	352	481	15	0	1662	10
176	264	135	1	1365	1375	10
177	29	462	17	0	1608	10
178	148	462	10	0	1679	10
179	44	140	11	0	1681	10
180	414	378	23	0	1706	10
181	392	95	16	0	1704	10
182	216	341	19	453	463	10
183	211	411	15	0	1749	10
184	317	45	8	0	1699	10
185	178	150	33	0	1791	10
186	428	302	27	1423	1433	10
187	450	45	24	541	551	10
188	453	318	30	1159	1169	10
189	186	135	24	0	1783	10
190	11	403	18	0	1631	10
191	433	447	20	626	636	10
192	272	420	7	270	280	10
193	429	59	9	1279	1289	10
194	200	27	22	1349	1359	10
195	498	171	12	1521	1531	10
196	487	320	21	1566	1576	10
197	45	166	22	0	1693	10
198	490	276	33	572	582	10
199	126	391	19	0	1727	10
200	92	18	8	1560	1570	10
201	293	228	19	1771	1781	10
202	343	205	26	1049	1059	10
203	182	480	31	0	1675	10
204	385	285	13	1184	1194	10
205	44	344	12	0	1688	10
206	170	347	15	929	939	10
207	457	492	7	1085	1095	10
208	124	448	6	0	1680	10
209	398	210	31	0	1761	10
210	75	118	21	0	1695	10
211	105	474	27	0	1648	10
212	134	211	35	1726	1736	10
213	211	248	26	0	1875	10
214	212	186	11	0	1840	10
215	492	335	10	0	1658	10
216	497	483	12	959	969	10
217	440	436	18	290	300	10
218	311	203	15	0	1837	10
219	491	369	28	1403	1413	10
220	67	378	26	0	1691	10
221	383	17	15	0	1646	10
222	7	82	25	0	1619	10
223	342	319	36	330	340	10
224	78	406	15	0	1682	10
225	103	123	8	715	725	10
226	241	38	16	0	1702	10
227	224	3	10	1068	1078	10
228	436	467	12	0	1629	10
229	438	488	18	0	1611	10
230	351	60	15	0	1699	10
231	13	214	21	0	1675	10
232	429	67	16	1017	1027	10
233	498	456	27	1331	1341	10
234	135	400	20	0	1725	10
235	215	293	13	934	944	10
236	354	416	10	1103	1113	10
237	294	421	26	195	205	10
238	208	445	22	1094	1104	10
239	230	320	8	0	1842	10
240	157	38	3	0	1683	10
241	441	100	31	688	698	10
242	61	170	20	1543	1553	10
243	79	467	22	1058	1068	10
244	365	190	22	0	1785	10
245	282	1	18	0	1663	10
246	124	111	15	0	1727	10
247	247	219	17	126	136	10
248	28	180	34	836	846	10
249	167	488	17	0	1662	10
250	442	289	25	0	1719	10
251	136	430	14	0	1701	10
252	38	15	3	1563	1573	10
253	246	314	36	0	1850	10
254	176	200	17	1775	1785	10
255	337	232	2	0	1826	10
256	257	133	19	0	1797	10
257	295	247	12	0	1869	10
258	39	162	18	1139	1149	10
259	79	257	26	615	625	10
260	236	126	23	0	1790	10
261	259	498	33	0	1666	10
262	180	162	9	0	1802	10
263	53	466	9	0	1622	10
264	167	291	27	0	1822	10
265	89	185	16	0	1741	10
266	487	446	9	0	1607	10
267	308	199	14	0	1837	10
268	481	84	17	0	1630	10
269	495	227	20	784	794	10
270	397	57	17	0	1672	10
271	372	39	10	811	821	10
272	278	450	29	676	686	10
273	292	32	14	1131	1141	10
274	90	496	13	859	869	10
275	68	53	16	0	1646	10
276	371	423	10	1217	1227	10
277	273	149	14	0	1811	10
278	297	283	28	0	1857	10
279	120	37	28	730	740	10
280	371	488	10	1363	1373	10
281	206	174	14	1613	1623	10
282	174	347	3	0	1791	10
283	330	281	14	1236	1246	10
284	67	451	5	0	1643	10
285	27	464	21	631	641	10
286	361	178	5	1538	1548	10
287	463	406	23	0	1650	10
288	456	157	20	1394	1404	10
289	153	244	5	0	1817	10
290	153	192	13	1346	1356	10
291	352	63	6	0	1701	10
292	371	71	21	1354	1364	10
293	163	472	9	1051	1061	10
294	448	495	40	0	1599	10
295	282	10	30	0	1672	10
296	66	163	6	0	1711	10
297	314	205	22	0	1836	10
298	83	169	21	303	313	10
299	221	291	9	0	1864	10
300	374	116	9	0	1732	10
301	418	269	3	0	1745	10
302	178	302	19	0	1826	10
303	250	57	26	0	1722	10
304	475	352	33	1051	1061	10
305	1	252	5	472	482	10
306	286	356	30	0	1803	10
307	65	82	13	733	743	10
308	154	392	9	520	530	10
309	196	56	15	0	1713	10
310	366	390	23	0	1733	10
311	436	25	19	1506	1516	10
312	67	352	20	1565	1575	10
313	173	182	25	537	547	10
314	390	34	7	407	417	10
315	18	225	8	507	517	10
316	57	43	15	0	1631	10
317	388	44	22	1276	1286	10
318	269	112	19	0	1775	10
319	374	260	27	532	542	10
320	291	213	23	0	1859	10
321	178	420	18	822	832	10
322	389	255	15	1143	1153	10
323	134	194	19	0	1786	10
324	93	490	2	0	1628	10
325	64	294	12	0	1723	10
326	493	111	26	921	931	10
327	150	484	16	464	474	10
328	235	316	2	0	1847	10
329	239	15	2	0	1679	10
330	193	138	30	1208	1218	10
331	40	278	10	0	1703	10
332	307	52	23	1330	1340	10
333	161	416	25	524	534	10
334	381	457	28	980	990	10
335	55	318	13	0	1708	10
336	80	279	19	202	212	10
337	48	162	15	0	1694	10
338	91	27	14	1462	1472	10
339	288	70	24	0	1731	10
340	177	404	17	0	1744	10
341	10	237	19	0	1674	10
342	493	493	20	1504	1514	10
343	440	292	24	1450	1460	10
344	349	76	15	0	1714	10
345	47	208	30	350	360	10
346	283	454	14	0	1708	10
347	486	324	15	1241	1251	10
348	392	87	23	0	1698	10
349	122	422	3	1397	1407	10
350	37	281	17	261	271	10
351	413	127	28	1359	1369	10
352	222	499	7	0	1664	10
353	211	446	15	0	1715	10
354	30	7	23	646	656	10
355	398	341	33	0	1741	10
356	26	67	15	0	1625	10
357	461	186	16	0	1694	10
358	313	391	5	866	876	10
359	471	94	30	1340	1350	10
360	341	72	9	1695	1705	10
361	130	186	16	624	634	10
362	257	57	18	0	1721	10
363	94	344	26	1574	1584	10
364	6	53	8	0	1601	10
365	146	376	8	1706	1716	10
366	244	13	24	0	1677	10
367	29	336	22	0	1677	10
368	306	42	11	1020	1030	10
369	177	486	20	990	1000	10
370	489	338	17	0	1660	10
371	179	318	2	704	714	10
372	344	203	14	144	154	10
373	149	341	6	0	1779	10
374	307	412	8	0	1743	10
375	68	450	18	307	317	10
376	420	80	24	761	771	10
377	144	220	35	0	1804	10
378	497	54	14	0	1599	10
379	80	458	30	0	1646	10
380	84	377	10	486	496	10
381	332	382	2	0	1759	10
382	6	196	20	0	1665	10
383	104	28	8	0	1649	10
384	224	320	36	429	439	10
385	87	3	13	0	1619	10
386	149	214	7	0	1807	10
387	98	29	14	0	1646	10
388	135	30	12	0	1666	10
389	287	397	12	0	1763	10
390	107	374	8	965	975	10
391	355	485	10	0	1657	10
392	51	286	14	0	1712	10
393	49	118	3	0	1674	10
394	159	226	16	136	146	10
395	185	431	15	1095	1105	10
396	262	92	25	1501	1511	10
397	475	198	20	779	789	10
398	142	30	32	1308	1318	10
399	481	207	34	0	1680	10
400	174	122	14	0	1766	10
401	35	263	27	0	1699	10
402	24	71	11	1359	1369	10
403	173	65	12	0	1714	10
404	91	326	4	1279	1289	10
405	470	417	11	904	914	10
406	397	153	29	0	1738	10
407	295	283	26	450	460	10
408	174	376	8	0	1767	10
409	38	190	23	0	1694	10
410	16	68	11	0	1618	10
411	179	286	8	0	1835	10
412	244	422	14	1162	1172	10
413	250	441	5	1416	1426	10
414	497	18	10	0	1576	10
415	195	111	15	1382	1392	10
416	26	221	28	721	731	10
417	442	5	16	0	1603	10
418	44	496	32	861	871	10
419	448	404	15	0	1664	10
420	471	427	8	0	1631	10
421	460	424	11	464	474	10
422	461	195	26	328	338	10
423	146	313	22	0	1793	10
424	19	273	25	0	1682	10
425	245	461	8	0	1703	10
426	69	266	12	352	362	10
427	191	84	13	214	224	10
428	68	160	21	0	1711	10
429	212	47	20	794	804	10
430	80	337	28	1331	1341	10
431	412	478	7	887	897	10
432	225	488	28	880	890	10
433	105	140	27	918	928	10
434	389	43	21	0	1665	10
435	177	156	25	0	1795	10
436	179	497	1	0	1657	10
437	377	432	20	0	1693	10
438	497	296	14	0	1663	10
439	152	476	45	0	1668	10
440	277	428	7	370	380	10
441	64	5	14	1106	1116	10
442	44	311	27	0	1700	10
443	165	59	27	1010	1020	10
444	261	138	1	112	122	10
445	268	351	7	1723	1733	10
446	48	150	15	0	1689	10
447	215	79	5	0	1740	10
448	109	56	27	1548	1558	10
449	171	188	30	344	354	10
450	284	457	17	440	450	10
451	274	442	17	475	485	10
452	33	286	11	0	1695	10
453	112	433	29	0	1685	10
454	423	170	27	1703	1713	10
455	213	283	14	1335	1345	10
456	240	34	28	0	1698	10
457	283	438	3	0	1724	10
458	324	99	10	0	1746	10
459	259	301	25	0	1863	10
460	189	402	10	434	444	10
461	215	282	21	259	269	10
462	166	440	12	0	1707	10
463	374	232	33	0	1789	10
464	339	113	14	0	1751	10
465	335	46	18	1422	1432	10
466	313	493	20	0	1663	10
467	432	66	30	1626	1636	10
468	76	462	18	0	1640	10
469	397	477	13	998	1008	10
470	196	489	23	0	1669	10
471	354	156	20	0	1774	10
472	171	24	11	760	770	10
473	187	73	18	0	1727	10
474	243	408	15	0	1756	10
475	421	387	15	1600	1610	10
476	141	426	23	0	1707	10
477	415	118	19	0	1703	10
478	240	255	33	1692	1702	10
479	162	388	11	0	1751	10
480	413	493	26	0	1622	10
481	69	414	6	704	714	10
482	273	70	36	1510	1520	10
483	142	14	18	0	1655	10
484	185	434	9	1242	1252	10
485	360	294	9	873	883	10
486	265	240	9	1193	1203	10
487	280	245	21	563	573	10
488	87	51	35	265	275	10
489	195	273	22	0	1855	10
490	422	498	5	0	1613	10
491	95	64	4	0	1672	10
492	63	155	7	0	1705	10
493	24	259	19	844	854	10
494	376	92	10	570	580	10
495	83	300	26	0	1740	10
496	72	477	46	1530	1540	10
497	380	194	3	1665	1675	10
498	72	227	25	0	1735	10
499	238	123	24	0	1787	10
500	188	119	44	510	520	10
501	229	322	11	224	234	10
502	150	68	23	0	1707	10
503	67	24	10	704	714	10
504	63	420	19	0	1662	10
505	339	144	13	0	1776	10
506	454	201	16	0	1705	10
507	158	24	18	0	1670	10
508	365	119	30	0	1740	10
509	440	284	25	1261	1271	10
510	417	212	12	0	1743	10
511	404	439	3	1058	1068	10
512	472	248	11	730	740	10
513	235	108	12	0	1772	10
514	174	67	15	0	1716	10
515	132	151	22	1216	1226	10
516	217	207	26	0	1860	10
517	162	306	22	984	994	10
518	48	366	29	0	1682	10
519	209	68	27	0	1728	10
520	94	497	31	0	1622	10
521	110	122	14	0	1725	10
522	274	403	17	1103	1113	10
523	421	386	29	0	1696	10
524	399	175	13	0	1748	10
525	56	268	28	1098	1108	10
526	322	406	17	217	227	10
527	244	277	18	0	1887	10
528	105	181	19	259	269	10
529	30	97	23	885	895	10
530	359	246	18	0	1805	10
531	498	457	15	0	1591	10
532	190	267	36	0	1852	10
533	334	481	32	0	1669	10
534	18	24	32	0	1591	10
535	482	104	19	0	1640	10
536	460	328	13	1147	1157	10
537	320	211	16	0	1834	10
538	494	165	19	0	1656	10
539	167	445	7	226	236	10
540	340	291	22	700	710	10
541	272	234	26	937	947	10
542	325	56	13	0	1707	10
543	71	304	19	0	1728	10
544	87	311	7	885	895	10
545	207	487	4	433	443	10
546	332	5	14	268	278	10
547	161	275	21	0	1822	10
548	268	458	24	682	692	10
549	175	352	12	0	1788	10
550	398	476	25	0	1644	10
551	51	360	13	0	1687	10
552	21	70	15	0	1623	10
553	80	251	14	0	1744	10
554	457	280	17	898	908	10
555	423	315	12	0	1730	10
556	66	88	2	685	695	10
557	479	387	13	0	1648	10
558	436	123	40	1207	1217	10
559	286	244	31	0	1878	10
560	449	190	2	398	408	10
561	456	113	17	274	284	10
562	480	152	26	979	989	10
563	100	266	5	0	1764	10
564	343	34	7	248	258	10
565	374	306	4	1235	1245	10
566	13	465	31	1190	1200	10
567	230	487	20	879	889	10
568	442	153	29	0	1699	10
569	240	362	23	1196	1206	10
570	433	319	11	198	208	10
571	0	422	8	932	942	10
572	297	131	25	1548	1558	10
573	71	12	2	1388	1398	10
574	44	440	24	0	1634	10
575	447	184	27	1212	1222	10
576	341	59	27	0	1703	10
577	132	32	18	631	641	10
578	411	396	23	0	1697	10
579	450	416	25	0	1655	10
580	323	34	13	737	747	10
581	244	368	25	1549	1559	10
582	90	477	18	537	547	10
583	34	169	11	1312	1322	10
584	351	128	15	616	626	10
585	71	282	29	1377	1387	10
586	157	269	31	827	837	10
587	392	1	11	1365	1375	10
588	39	153	26	740	750	10
589	306	229	10	0	1855	10
590	415	253	21	1376	1386	10
591	92	76	4	0	1679	10
592	437	98	16	0	1674	10
593	12	367	27	1290	1300	10
594	448	414	23	0	1657	10
595	128	113	22	509	519	10
596	43	360	2	517	527	10
597	102	422	23	0	1688	10
598	480	131	5	0	1656	10
599	210	81	2	210	220	10
600	432	2	20	446	456	10
601	396	83	15	0	1693	10
602	489	159	29	1373	1383	10
603	56	75	24	368	378	10
604	66	31	25	592	602	10
605	460	117	14	0	1666	10
606	175	239	23	0	1839	10
607	217	333	26	0	1825	10
608	62	375	16	1031	1041	10
609	82	183	17	648	658	10
610	248	214	19	0	1878	10
611	385	239	21	846	856	10
612	371	315	18	0	1777	10
613	333	163	32	1297	1307	10
614	100	66	15	0	1677	10
615	311	422	29	0	1732	10
616	153	235	10	0	1816	10
617	168	109	10	0	1751	10
618	284	319	17	428	438	10
619	195	464	20	851	861	10
620	382	9	30	0	1640	10
621	325	210	15	336	346	10
622	366	334	5	1325	1335	10
623	200	78	31	0	1735	10
624	351	5	12	1151	1161	10
625	197	202	29	0	1843	10
626	270	337	20	0	1825	10
627	125	65	17	1100	1110	10
628	120	17	30	0	1648	10
629	84	255	13	0	1748	10
630	222	331	10	1121	1131	10
631	332	459	35	0	1690	10
632	226	175	23	0	1836	10
633	404	140	8	1636	1646	10
634	223	178	20	0	1838	10
635	330	308	24	0	1816	10
636	140	108	29	261	271	10
637	34	239	16	1449	1459	10
638	94	192	1	465	475	10
639	458	213	22	795	805	10
640	13	314	14	0	1669	10
641	202	391	30	0	1766	10
642	339	41	6	0	1687	10
643	224	56	13	0	1719	10
644	345	431	12	0	1710	10
645	292	104	26	943	953	10
646	318	99	35	0	1749	10
647	46	248	9	510	520	10
648	482	184	14	0	1673	10
649	411	379	25	0	1708	10
650	293	174	31	537	547	10
651	169	305	21	0	1817	10
652	394	47	5	0	1666	10
653	323	29	7	0	1682	10
654	65	343	38	0	1707	10
655	158	179	37	0	1798	10
656	299	353	34	0	1800	10
657	9	233	31	1056	1066	10
658	330	138	18	0	1777	10
659	48	412	7	0	1656	10
660	385	17	40	525	535	10
661	382	110	24	995	1005	10
662	336	493	20	0	1657	10
663	181	441	25	0	1711	10
664	162	301	16	0	1813	10
665	1	101	8	0	1624	10
666	80	117	24	0	1699	10
667	210	219	7	1356	1366	10
668	404	59	13	491	501	10
669	288	439	16	0	1722	10
670	149	458	13	254	264	10
671	257	391	22	0	1773	10
672	405	349	15	1043	1053	10
673	191	215	17	780	790	10
674	231	29	14	1333	1343	10
675	253	50	27	1281	1291	10
676	441	177	23	0	1710	10
677	5	445	30	666	676	10
678	463	253	23	0	1701	10
679	435	180	37	0	1717	10
680	198	85	28	1514	1524	10
681	59	388	20	0	1679	10
682	373	418	6	0	1706	10
683	142	80	12	0	1713	10
684	441	7	20	1316	1326	10
685	33	268	18	0	1697	10
686	355	174	33	1400	1410	10
687	228	260	12	0	1890	10
688	114	460	14	1112	1122	10
689	337	41	8	809	819	10
690	154	374	36	1268	1278	10
691	235	13	27	237	247	10
692	303	78	12	1379	1389	10
693	103	464	22	1505	1515	10
694	325	311	22	0	1818	10
695	306	235	25	0	1857	10
696	382	360	26	0	1743	10
697	235	288	18	589	599	10
698	0	356	13	0	1643	10
699	178	135	21	0	1779	10
700	226	423	15	618	628	10
701	15	11	15	502	512	10
702	144	35	26	0	1675	10
703	176	199	28	1150	1160	10
704	247	306	33	635	645	10
705	396	417	13	0	1693	10
706	289	220	19	0	1865	10
707	23	235	43	1431	1441	10
708	137	377	23	0	1745	10
709	400	71	17	729	739	10
710	261	359	10	1249	1259	10
711	438	127	2	0	1690	10
712	318	280	21	894	904	10
713	333	293	27	632	642	10
714	436	295	11	0	1723	10
715	62	94	16	1490	1500	10
716	495	355	3	0	1648	10
717	13	394	15	1339	1349	10
718	172	292	17	0	1826	10
719	14	232	18	1177	1187	10
720	437	90	12	0	1668	10
721	214	274	24	829	839	10
722	420	383	27	1559	1569	10
723	120	261	5	0	1784	10
724	179	75	13	0	1726	10
725	484	224	7	0	1679	10
726	214	245	8	948	958	10
727	395	474	26	0	1648	10
728	368	311	14	239	249	10
729	199	203	20	0	1845	10
730	485	428	22	0	1620	10
731	86	199	23	980	990	10
732	447	272	12	488	498	10
733	40	304	16	1467	1477	10
734	475	267	7	588	598	10
735	482	141	14	0	1658	10
736	489	274	31	1010	1020	10
737	26	342	12	1594	1604	10
738	139	438	24	1136	1146	10
739	12	358	7	0	1653	10
740	125	61	26	0	1688	10
741	360	284	19	1776	1786	10
742	29	358	23	351	361	10
743	285	247	13	624	634	10
744	248	386	22	1685	1695	10
745	415	207	18	179	189	10
746	130	247	17	1493	1503	10
747	172	66	18	0	1715	10
748	92	259	4	856	866	10
749	379	486	22	0	1646	10
750	452	484	26	1345	1355	10
751	268	288	26	0	1872	10
752	349	43	26	420	430	10
753	225	269	30	1744	1754	10
754	50	383	20	1520	1530	10
755	110	251	23	938	948	10
756	461	182	13	1477	1487	10
757	255	487	19	835	845	10
758	133	202	33	1257	1267	10
759	34	329	2	804	814	10
760	368	452	16	960	970	10
761	242	106	28	447	457	10
762	171	303	18	0	1819	10
763	329	456	19	649	659	10
764	490	286	29	385	395	10
765	61	214	4	0	1722	10
766	365	74	24	226	236	10
767	321	149	18	0	1791	10
768	84	453	19	1042	1052	10
769	26	442	23	1342	1352	10
770	180	283	23	964	974	10
771	394	322	12	0	1754	10
772	348	348	23	0	1776	10
773	309	161	23	1425	1435	10
774	385	58	24	817	827	10
775	228	287	21	0	1871	10
776	312	453	6	0	1702	10
777	35	344	21	694	704	10
778	393	98	13	462	472	10
779	208	488	22	0	1673	10
780	235	33	30	0	1697	10
781	140	137	32	803	813	10
782	405	187	34	0	1747	10
783	330	371	1	0	1769	10
784	265	0	10	1634	1644	10
785	295	89	23	1167	1177	10
786	3	23	11	797	807	10
787	363	225	35	1554	1564	10
788	148	208	22	0	1804	10
789	466	362	15	0	1671	10
790	267	290	15	1487	1497	10
791	98	2	14	0	1624	10
792	131	246	17	0	1795	10
793	418	75	11	0	1672	10
794	366	260	23	1284	1294	10
795	138	28	23	624	634	10
796	209	212	18	1508	1518	10
797	443	167	17	646	656	10
798	156	65	22	0	1707	10
799	279	355	9	0	1806	10
800	206	172	29	1569	1579	10
801	32	94	14	0	1646	10
802	301	239	31	0	1862	10
803	471	368	19	1073	1083	10
804	133	273	20	1620	1630	10
805	253	74	20	868	878	10
806	470	405	17	0	1645	10
807	77	172	23	613	623	10
808	77	465	11	0	1639	10
809	466	96	22	1205	1215	10
810	402	277	5	515	525	10
811	267	374	23	143	153	10
812	450	194	27	0	1707	10
813	89	65	16	1577	1587	10
814	429	389	18	723	733	10
815	202	28	22	0	1687	10
816	46	389	22	0	1668	10
817	246	407	12	699	709	10
818	452	110	14	0	1669	10
819	213	185	21	1335	1345	10
820	134	276	15	1286	1296	10
821	262	97	17	1255	1265	10
822	469	489	4	0	1590	10
823	364	71	5	0	1702	10
824	68	240	11	529	539	10
825	494	468	31	857	867	10
826	439	222	22	756	766	10
827	386	225	13	715	725	10
828	434	359	13	294	304	10
829	103	177	28	1161	1171	10
830	89	322	21	0	1738	10
831	307	249	10	1157	1167	10
832	30	155	9	1165	1175	10
833	401	314	25	0	1750	10
834	217	357	23	359	369	10
835	373	421	21	0	1704	10
836	5	281	16	1485	1495	10
837	173	474	14	0	1678	10
838	36	301	21	897	907	10
839	429	169	8	0	1718	10
840	195	450	16	948	958	10
841	95	382	19	0	1711	10
842	225	121	18	0	1783	10
843	10	407	36	0	1628	10
844	221	269	14	0	1880	10
845	264	180	33	0	1843	10
846	168	59	6	842	852	10
847	281	96	1	0	1757	10
848	387	349	9	0	1745	10
849	398	329	17	0	1747	10
850	239	486	3	0	1678	10
851	237	420	15	0	1744	10
852	346	354	8	0	1773	10
853	172	314	9	0	1814	10
854	233	230	20	0	1888	10
855	79	80	19	910	920	10
856	243	402	13	0	1762	10
857	117	110	13	1637	1647	10
858	66	314	26	1173	1183	10
859	58	391	16	451	461	10
860	142	360	20	0	1760	10
861	492	326	19	1044	1054	10
862	381	328	12	0	1762	10
863	62	236	29	841	851	10
864	344	70	24	1102	1112	10
865	151	81	28	0	1719	10
866	240	240	35	0	1900	10
867	46	163	8	0	1693	10
868	455	168	21	0	1694	10
869	428	202	24	0	1730	10
870	432	199	7	0	1725	10
871	391	112	24	0	1717	10
872	451	305	13	502	512	10
873	214	311	14	0	1844	10
874	465	367	14	0	1670	10
875	164	473	26	1130	1140	10
876	364	173	30	211	221	10
877	274	261	20	551	561	10
878	133	455	25	319	329	10
879	351	481	10	0	1662	10
880	115	395	11	0	1716	10
881	297	304	4	0	1843	10
882	7	194	29	510	520	10
883	409	255	23	0	1755	10
884	87	213	18	0	1747	10
885	60	246	25	0	1724	10
886	3	471	13	0	1583	10
887	418	251	21	0	1746	10
888	153	362	7	189	199	10
889	323	77	36	0	1727	10
890	143	158	12	708	718	10
891	351	148	30	0	1771	10
892	426	38	23	862	872	10
893	226	316	21	743	753	10
894	347	192	18	901	911	10
895	102	6	3	0	1629	10
896	41	120	22	0	1668	10
897	247	443	17	1372	1382	10
898	218	271	16	1049	1059	10
899	376	385	12	0	1730	10
900	241	402	11	718	728	10
901	213	399	18	543	553	10
902	32	191	5	1553	1563	10
903	441	374	10	286	296	10
904	376	113	8	1647	1657	10
905	215	434	9	0	1727	10
906	499	316	18	779	789	10
907	318	497	21	1646	1656	10
908	256	441	34	275	285	10
909	174	397	32	0	1749	10
910	468	360	16	283	293	10
911	287	256	18	1083	1093	10
912	448	397	33	0	1668	10
913	352	487	27	0	1656	10
914	253	118	19	1746	1756	10
915	159	299	12	1592	1602	10
916	351	233	21	870	880	10
917	268	113	21	0	1776	10
918	164	332	19	0	1796	10
919	88	484	5	945	955	10
920	360	488	19	992	1002	10
921	343	166	28	0	1789	10
922	497	266	25	767	777	10
923	138	406	8	404	414	10
924	420	224	10	1308	1318	10
925	231	410	14	0	1753	10
926	199	438	3	874	884	10
927	219	215	32	0	1868	10
928	365	274	14	0	1797	10
929	481	454	14	0	1606	10
930	187	61	19	602	612	10
931	372	97	13	300	310	10
932	187	263	35	806	816	10
933	371	427	23	0	1700	10
934	74	215	10	0	1735	10
935	375	145	12	958	968	10
936	365	28	9	0	1664	10
937	118	314	26	0	1768	10
938	60	29	32	0	1623	10
939	478	300	12	952	962	10
940	33	152	17	0	1676	10
941	347	184	15	353	363	10
942	94	40	24	0	1653	10
943	290	328	7	777	787	10
944	96	346	26	1413	1423	10
945	97	288	22	0	1757	10
946	176	470	14	0	1682	10
947	206	97	33	0	1755	10
948	210	133	15	0	1791	10
949	489	457	13	332	342	10
950	418	399	20	803	813	10
951	392	491	10	0	1635	10
952	437	19	15	0	1617	10
953	495	83	32	385	395	10
954	468	352	9	0	1674	10
955	390	120	24	0	1723	10
956	80	357	1	0	1714	10
957	394	310	10	1195	1205	10
958	61	441	27	0	1646	10
959	52	303	25	0	1710	10
960	391	202	14	1046	1056	10
961	36	451	15	0	1621	10
962	276	84	20	1480	1490	10
963	130	140	17	0	1752	10
964	16	287	12	1555	1565	10
965	292	136	28	0	1793	10
966	53	204	8	303	313	10
967	359	287	24	0	1799	10
968	309	29	11	732	742	10
969	473	491	23	1502	1512	10
970	273	255	18	0	1891	10
971	263	153	12	1020	1030	10
972	328	458	17	1533	1543	10
973	401	164	13	868	878	10
974	480	119	7	0	1650	10
975	488	96	22	0	1631	10
976	149	98	4	0	1732	10
977	49	437	7	718	728	10
978	440	77	14	0	1658	10
979	43	135	31	549	559	10
980	188	151	7	1240	1250	10
981	175	422	24	402	412	10
982	48	437	4	398	408	10
983	334	403	26	0	1740	10
984	372	115	13	544	554	10
985	111	192	11	0	1764	10
986	357	290	24	1073	1083	10
987	331	134	11	994	1004	10
988	495	199	25	352	362	10
989	441	60	21	1467	1477	10
990	51	89	19	0	1659	10
991	452	206	31	0	1708	10
992	195	386	13	0	1768	10
993	172	24	17	0	1675	10
994	408	318	15	700	710	10
995	410	399	25	1033	1043	10
996	413	345	20	0	1726	10
997	215	129	17	0	1789	10
998	380	350	15	0	1750	10
999	19	38	15	728	738	10
1000	166	247	1	0	1830	10
