r1_10_1_50_10_6

VEHICLE
NUMBER	CAPACITY	WORLD_RECORD
250	200	250


CUSTOMER
CUST NO.   XCOORD.   YCOORD.    DEMAND   READY TIME   DUE DATE   SERVICE TIME

0	250	250	0	0	1925	0
1	171	34	21	0	1685	10
2	67	190	25	0	1722	10
3	80	400	10	0	1688	10
4	439	237	11	286	296	10
5	377	385	6	534	544	10
6	449	428	25	0	1648	10
7	342	481	18	0	1666	10
8	466	149	16	0	1676	10
9	83	290	14	1063	1073	10
10	251	63	14	0	1727	10
11	328	491	21	1436	1446	10
12	260	472	33	250	260	10
13	290	145	5	0	1802	10
14	266	221	9	0	1881	10
15	164	320	12	0	1804	10
16	52	412	22	0	1659	10
17	485	104	21	721	731	10
18	144	331	13	0	1781	10
19	387	394	8	0	1716	10
20	472	57	17	1078	1088	10
21	343	276	15	0	1818	10
22	104	349	20	0	1738	10
23	28	467	34	0	1604	10
24	91	427	14	1359	1369	10
25	429	476	23	946	956	10
26	210	276	5	0	1867	10
27	58	39	12	0	1629	10
28	273	300	30	0	1859	10
29	41	232	16	1402	1412	10
30	25	53	23	448	458	10
31	52	18	28	579	589	10
32	27	444	22	1570	1580	10
33	178	72	23	0	1722	10
34	406	460	2	1429	1439	10
35	250	328	24	1403	1413	10
36	492	34	5	0	1590	10
37	412	100	1	0	1694	10
38	233	87	18	0	1751	10
39	60	5	18	1332	1342	10
40	406	408	15	0	1692	10
41	245	42	24	0	1706	10
42	166	345	14	0	1788	10
43	440	294	16	0	1719	10
44	370	382	11	0	1736	10
45	32	319	21	959	969	10
46	480	136	22	400	410	10
47	371	163	21	0	1765	10
48	0	188	26	584	594	10
49	438	5	18	0	1606	10
50	132	477	25	992	1002	10
51	203	211	20	0	1853	10
52	2	264	40	527	537	10
53	231	167	15	0	1829	10
54	423	221	9	1105	1115	10
55	459	53	20	0	1627	10
56	386	154	31	0	1748	10
57	130	494	6	0	1643	10
58	31	175	24	1581	1591	10
59	69	423	32	972	982	10
60	352	241	5	0	1812	10
61	261	201	15	731	741	10
62	59	276	11	1134	1144	10
63	146	188	6	0	1793	10
64	451	62	5	0	1639	10
65	299	285	3	0	1854	10
66	142	372	18	0	1752	10
67	440	201	29	554	564	10
68	219	210	14	805	815	10
69	64	198	10	451	461	10
70	390	249	21	619	629	10
71	9	101	16	1197	1207	10
72	424	288	13	0	1736	10
73	77	372	19	0	1703	10
74	298	264	36	829	839	10
75	405	454	11	1038	1048	10
76	407	35	11	1616	1626	10
77	225	369	38	793	803	10
78	347	459	25	972	982	10
79	117	178	28	0	1763	10
80	132	479	11	0	1657	10
81	201	66	14	668	678	10
82	245	176	20	0	1840	10
83	470	138	16	0	1668	10
84	115	296	24	571	581	10
85	348	476	19	717	727	10
86	43	210	20	1399	1409	10
87	327	139	13	1429	1439	10
88	49	353	15	1618	1628	10
89	356	256	19	1116	1126	10
90	335	99	25	772	782	10
91	363	34	19	0	1671	10
92	33	278	18	1606	1616	10
93	366	288	29	0	1792	10
94	452	172	9	1303	1313	10
95	86	189	21	0	1740	10
96	262	369	15	0	1795	10
97	218	403	15	0	1758	10
98	218	12	3	285	295	10
99	228	399	14	0	1764	10
100	492	188	33	332	342	10
101	267	174	34	0	1837	10
102	274	441	12	0	1722	10
103	210	113	28	0	1772	10
104	370	262	15	501	511	10
105	303	186	10	624	634	10
106	241	180	13	1297	1307	10
107	100	85	14	648	658	10
108	350	199	21	0	1802	10
109	500	228	8	1587	1597	10
110	251	238	27	0	1902	10
111	114	102	21	0	1714	10
112	345	146	27	0	1774	10
113	21	146	21	850	860	10
114	330	147	28	1765	1775	10
115	476	61	36	812	822	10
116	386	245	16	0	1778	10
117	201	278	13	0	1858	10
118	421	499	23	0	1612	10
119	426	231	24	344	354	10
120	105	137	32	658	668	10
121	64	437	11	905	915	10
122	181	260	23	1528	1538	10
123	413	391	8	1078	1088	10
124	370	493	22	0	1643	10
125	447	267	19	560	570	10
126	232	101	24	0	1764	10
127	371	332	14	0	1768	10
128	447	383	17	918	928	10
129	325	147	14	745	755	10
130	489	437	29	0	1611	10
131	415	95	15	872	882	10
132	331	356	13	0	1781	10
133	374	346	27	0	1758	10
134	108	37	23	0	1659	10
135	5	224	19	1579	1589	10
136	93	413	17	365	375	10
137	210	29	13	1493	1503	10
138	136	265	12	1577	1587	10
139	409	155	19	0	1729	10
140	111	178	18	0	1758	10
141	291	251	20	1791	1801	10
142	322	290	23	699	709	10
143	57	183	15	1700	1710	10
144	181	185	19	1585	1595	10
145	7	382	27	288	298	10
146	425	448	9	1020	1030	10
147	174	41	15	787	797	10
148	161	276	8	0	1822	10
149	398	49	21	0	1665	10
150	210	379	12	1295	1305	10
151	60	231	32	0	1724	10
152	453	360	13	0	1684	10
153	367	97	17	0	1722	10
154	488	3	3	0	1571	10
155	44	115	24	1420	1430	10
156	48	293	22	0	1708	10
157	64	135	11	0	1696	10
158	65	62	15	0	1651	10
159	404	207	6	0	1755	10
160	68	303	22	523	533	10
161	263	418	25	1292	1302	10
162	147	30	26	1267	1277	10
163	384	149	18	865	875	10
164	340	416	36	0	1726	10
165	271	128	12	760	770	10
166	89	358	23	244	254	10
167	20	480	25	519	529	10
168	488	173	25	442	452	10
169	439	156	2	610	620	10
170	389	156	27	0	1747	10
171	111	392	18	1308	1318	10
172	267	162	6	314	324	10
173	248	176	32	177	187	10
174	413	476	34	0	1636	10
175	352	481	15	879	889	10
176	264	135	1	0	1799	10
177	29	462	17	773	783	10
178	148	462	10	632	642	10
179	44	140	11	0	1681	10
180	414	378	23	0	1706	10
181	392	95	16	371	381	10
182	216	341	19	792	802	10
183	211	411	15	605	615	10
184	317	45	8	1371	1381	10
185	178	150	33	0	1791	10
186	428	302	27	0	1729	10
187	450	45	24	0	1628	10
188	453	318	30	502	512	10
189	186	135	24	0	1783	10
190	11	403	18	886	896	10
191	433	447	20	1311	1321	10
192	272	420	7	863	873	10
193	429	59	9	324	334	10
194	200	27	22	1476	1486	10
195	498	171	12	600	610	10
196	487	320	21	657	667	10
197	45	166	22	1523	1533	10
198	490	276	33	632	642	10
199	126	391	19	0	1727	10
200	92	18	8	383	393	10
201	293	228	19	0	1866	10
202	343	205	26	1514	1524	10
203	182	480	31	0	1675	10
204	385	285	13	1254	1264	10
205	44	344	12	0	1688	10
206	170	347	15	0	1789	10
207	457	492	7	0	1596	10
208	124	448	6	869	879	10
209	398	210	31	0	1761	10
210	75	118	21	0	1695	10
211	105	474	27	760	770	10
212	134	211	35	0	1792	10
213	211	248	26	1573	1583	10
214	212	186	11	478	488	10
215	492	335	10	924	934	10
216	497	483	12	1413	1423	10
217	440	436	18	0	1649	10
218	311	203	15	1096	1106	10
219	491	369	28	1591	1601	10
220	67	378	26	0	1691	10
221	383	17	15	413	423	10
222	7	82	25	879	889	10
223	342	319	36	1223	1233	10
224	78	406	15	0	1682	10
225	103	123	8	839	849	10
226	241	38	16	237	247	10
227	224	3	10	0	1666	10
228	436	467	12	0	1629	10
229	438	488	18	1356	1366	10
230	351	60	15	650	660	10
231	13	214	21	0	1675	10
232	429	67	16	0	1659	10
233	498	456	27	0	1592	10
234	135	400	20	0	1725	10
235	215	293	13	0	1859	10
236	354	416	10	0	1719	10
237	294	421	26	0	1738	10
238	208	445	22	0	1715	10
239	230	320	8	0	1842	10
240	157	38	3	0	1683	10
241	441	100	31	0	1672	10
242	61	170	20	0	1709	10
243	79	467	22	0	1638	10
244	365	190	22	464	474	10
245	282	1	18	0	1663	10
246	124	111	15	0	1727	10
247	247	219	17	0	1883	10
248	28	180	34	1163	1173	10
249	167	488	17	0	1662	10
250	442	289	25	1161	1171	10
251	136	430	14	0	1701	10
252	38	15	3	0	1598	10
253	246	314	36	0	1850	10
254	176	200	17	1240	1250	10
255	337	232	2	984	994	10
256	257	133	19	0	1797	10
257	295	247	12	1093	1103	10
258	39	162	18	493	503	10
259	79	257	26	0	1743	10
260	236	126	23	142	152	10
261	259	498	33	1440	1450	10
262	180	162	9	1639	1649	10
263	53	466	9	1354	1364	10
264	167	291	27	1424	1434	10
265	89	185	16	0	1741	10
266	487	446	9	0	1607	10
267	308	199	14	0	1837	10
268	481	84	17	0	1630	10
269	495	227	20	0	1668	10
270	397	57	17	0	1672	10
271	372	39	10	0	1671	10
272	278	450	29	0	1713	10
273	292	32	14	650	660	10
274	90	496	13	742	752	10
275	68	53	16	1069	1079	10
276	371	423	10	0	1703	10
277	273	149	14	603	613	10
278	297	283	28	0	1857	10
279	120	37	28	0	1665	10
280	371	488	10	0	1648	10
281	206	174	14	171	181	10
282	174	347	3	1274	1284	10
283	330	281	14	0	1829	10
284	67	451	5	536	546	10
285	27	464	21	1143	1153	10
286	361	178	5	0	1782	10
287	463	406	23	931	941	10
288	456	157	20	0	1688	10
289	153	244	5	0	1817	10
290	153	192	13	1034	1044	10
291	352	63	6	0	1701	10
292	371	71	21	0	1698	10
293	163	472	9	0	1676	10
294	448	495	40	1497	1507	10
295	282	10	30	1410	1420	10
296	66	163	6	0	1711	10
297	314	205	22	987	997	10
298	83	169	21	0	1729	10
299	221	291	9	0	1864	10
300	374	116	9	0	1732	10
301	418	269	3	1730	1740	10
302	178	302	19	0	1826	10
303	250	57	26	1613	1623	10
304	475	352	33	0	1667	10
305	1	252	5	0	1665	10
306	286	356	30	0	1803	10
307	65	82	13	0	1665	10
308	154	392	9	0	1743	10
309	196	56	15	0	1713	10
310	366	390	23	901	911	10
311	436	25	19	933	943	10
312	67	352	20	294	304	10
313	173	182	25	244	254	10
314	390	34	7	0	1657	10
315	18	225	8	0	1681	10
316	57	43	15	0	1631	10
317	388	44	22	0	1667	10
318	269	112	19	0	1775	10
319	374	260	27	1077	1087	10
320	291	213	23	0	1859	10
321	178	420	18	1133	1143	10
322	389	255	15	0	1775	10
323	134	194	19	1216	1226	10
324	93	490	2	0	1628	10
325	64	294	12	0	1723	10
326	493	111	26	0	1635	10
327	150	484	16	451	461	10
328	235	316	2	0	1847	10
329	239	15	2	1050	1060	10
330	193	138	30	0	1789	10
331	40	278	10	0	1703	10
332	307	52	23	0	1708	10
333	161	416	25	707	717	10
334	381	457	28	1097	1107	10
335	55	318	13	0	1708	10
336	80	279	19	0	1742	10
337	48	162	15	1083	1093	10
338	91	27	14	0	1641	10
339	288	70	24	613	623	10
340	177	404	17	0	1744	10
341	10	237	19	1439	1449	10
342	493	493	20	0	1571	10
343	440	292	24	1216	1226	10
344	349	76	15	657	667	10
345	47	208	30	951	961	10
346	283	454	14	805	815	10
347	486	324	15	0	1667	10
348	392	87	23	0	1698	10
349	122	422	3	470	480	10
350	37	281	17	1155	1165	10
351	413	127	28	788	798	10
352	222	499	7	0	1664	10
353	211	446	15	0	1715	10
354	30	7	23	0	1587	10
355	398	341	33	982	992	10
356	26	67	15	0	1625	10
357	461	186	16	1643	1653	10
358	313	391	5	556	566	10
359	471	94	30	0	1644	10
360	341	72	9	0	1715	10
361	130	186	16	0	1779	10
362	257	57	18	0	1721	10
363	94	344	26	0	1732	10
364	6	53	8	530	540	10
365	146	376	8	1434	1444	10
366	244	13	24	0	1677	10
367	29	336	22	1211	1221	10
368	306	42	11	1357	1367	10
369	177	486	20	0	1667	10
370	489	338	17	891	901	10
371	179	318	2	451	461	10
372	344	203	14	0	1809	10
373	149	341	6	650	660	10
374	307	412	8	448	458	10
375	68	450	18	0	1644	10
376	420	80	24	0	1674	10
377	144	220	35	1461	1471	10
378	497	54	14	0	1599	10
379	80	458	30	1180	1190	10
380	84	377	10	0	1705	10
381	332	382	2	0	1759	10
382	6	196	20	0	1665	10
383	104	28	8	0	1649	10
384	224	320	36	700	710	10
385	87	3	13	1105	1115	10
386	149	214	7	734	744	10
387	98	29	14	0	1646	10
388	135	30	12	349	359	10
389	287	397	12	696	706	10
390	107	374	8	410	420	10
391	355	485	10	1187	1197	10
392	51	286	14	452	462	10
393	49	118	3	334	344	10
394	159	226	16	0	1820	10
395	185	431	15	0	1722	10
396	262	92	25	0	1756	10
397	475	198	20	0	1684	10
398	142	30	32	912	922	10
399	481	207	34	1532	1542	10
400	174	122	14	0	1766	10
401	35	263	27	0	1699	10
402	24	71	11	0	1626	10
403	173	65	12	0	1714	10
404	91	326	4	1319	1329	10
405	470	417	11	726	736	10
406	397	153	29	0	1738	10
407	295	283	26	0	1859	10
408	174	376	8	0	1767	10
409	38	190	23	1064	1074	10
410	16	68	11	732	742	10
411	179	286	8	506	516	10
412	244	422	14	0	1742	10
413	250	441	5	1156	1166	10
414	497	18	10	405	415	10
415	195	111	15	934	944	10
416	26	221	28	789	799	10
417	442	5	16	0	1603	10
418	44	496	32	0	1594	10
419	448	404	15	1224	1234	10
420	471	427	8	1232	1242	10
421	460	424	11	272	282	10
422	461	195	26	316	326	10
423	146	313	22	915	925	10
424	19	273	25	0	1682	10
425	245	461	8	709	719	10
426	69	266	12	678	688	10
427	191	84	13	0	1738	10
428	68	160	21	0	1711	10
429	212	47	20	1441	1451	10
430	80	337	28	1020	1030	10
431	412	478	7	1305	1315	10
432	225	488	28	0	1675	10
433	105	140	27	212	222	10
434	389	43	21	0	1665	10
435	177	156	25	0	1795	10
436	179	497	1	906	916	10
437	377	432	20	308	318	10
438	497	296	14	0	1663	10
439	152	476	45	0	1668	10
440	277	428	7	1511	1521	10
441	64	5	14	0	1607	10
442	44	311	27	0	1700	10
443	165	59	27	0	1705	10
444	261	138	1	0	1802	10
445	268	351	7	0	1812	10
446	48	150	15	429	439	10
447	215	79	5	1035	1045	10
448	109	56	27	580	590	10
449	171	188	30	549	559	10
450	284	457	17	0	1705	10
451	274	442	17	0	1721	10
452	33	286	11	1594	1604	10
453	112	433	29	0	1685	10
454	423	170	27	1305	1315	10
455	213	283	14	760	770	10
456	240	34	28	1296	1306	10
457	283	438	3	0	1724	10
458	324	99	10	0	1746	10
459	259	301	25	1697	1707	10
460	189	402	10	0	1751	10
461	215	282	21	742	752	10
462	166	440	12	0	1707	10
463	374	232	33	1195	1205	10
464	339	113	14	0	1751	10
465	335	46	18	0	1694	10
466	313	493	20	0	1663	10
467	432	66	30	662	672	10
468	76	462	18	477	487	10
469	397	477	13	389	399	10
470	196	489	23	867	877	10
471	354	156	20	0	1774	10
472	171	24	11	0	1675	10
473	187	73	18	0	1727	10
474	243	408	15	0	1756	10
475	421	387	15	0	1695	10
476	141	426	23	751	761	10
477	415	118	19	1127	1137	10
478	240	255	33	1348	1358	10
479	162	388	11	0	1751	10
480	413	493	26	0	1622	10
481	69	414	6	0	1670	10
482	273	70	36	230	240	10
483	142	14	18	708	718	10
484	185	434	9	1161	1171	10
485	360	294	9	0	1796	10
486	265	240	9	0	1896	10
487	280	245	21	0	1884	10
488	87	51	35	0	1657	10
489	195	273	22	216	226	10
490	422	498	5	0	1613	10
491	95	64	4	986	996	10
492	63	155	7	582	592	10
493	24	259	19	920	930	10
494	376	92	10	0	1712	10
495	83	300	26	0	1740	10
496	72	477	46	1547	1557	10
497	380	194	3	0	1773	10
498	72	227	25	756	766	10
499	238	123	24	0	1787	10
500	188	119	44	359	369	10
501	229	322	11	1188	1198	10
502	150	68	23	0	1707	10
503	67	24	10	508	518	10
504	63	420	19	1087	1097	10
505	339	144	13	1256	1266	10
506	454	201	16	0	1705	10
507	158	24	18	1219	1229	10
508	365	119	30	520	530	10
509	440	284	25	0	1721	10
510	417	212	12	0	1743	10
511	404	439	3	398	408	10
512	472	248	11	647	657	10
513	235	108	12	0	1772	10
514	174	67	15	1004	1014	10
515	132	151	22	0	1760	10
516	217	207	26	1035	1045	10
517	162	306	22	191	201	10
518	48	366	29	0	1682	10
519	209	68	27	262	272	10
520	94	497	31	831	841	10
521	110	122	14	982	992	10
522	274	403	17	1377	1387	10
523	421	386	29	709	719	10
524	399	175	13	436	446	10
525	56	268	28	0	1720	10
526	322	406	17	0	1743	10
527	244	277	18	534	544	10
528	105	181	19	1103	1113	10
529	30	97	23	1483	1493	10
530	359	246	18	1265	1275	10
531	498	457	15	807	817	10
532	190	267	36	1057	1067	10
533	334	481	32	1127	1137	10
534	18	24	32	460	470	10
535	482	104	19	0	1640	10
536	460	328	13	803	813	10
537	320	211	16	0	1834	10
538	494	165	19	0	1656	10
539	167	445	7	291	301	10
540	340	291	22	610	620	10
541	272	234	26	0	1887	10
542	325	56	13	0	1707	10
543	71	304	19	1162	1172	10
544	87	311	7	594	604	10
545	207	487	4	0	1674	10
546	332	5	14	0	1656	10
547	161	275	21	1115	1125	10
548	268	458	24	546	556	10
549	175	352	12	0	1788	10
550	398	476	25	917	927	10
551	51	360	13	755	765	10
552	21	70	15	736	746	10
553	80	251	14	0	1744	10
554	457	280	17	1542	1552	10
555	423	315	12	597	607	10
556	66	88	2	0	1669	10
557	479	387	13	0	1648	10
558	436	123	40	0	1689	10
559	286	244	31	0	1878	10
560	449	190	2	0	1707	10
561	456	113	17	474	484	10
562	480	152	26	571	581	10
563	100	266	5	0	1764	10
564	343	34	7	1581	1591	10
565	374	306	4	1545	1555	10
566	13	465	31	996	1006	10
567	230	487	20	959	969	10
568	442	153	29	0	1699	10
569	240	362	23	0	1802	10
570	433	319	11	1042	1052	10
571	0	422	8	1511	1521	10
572	297	131	25	746	756	10
573	71	12	2	1292	1302	10
574	44	440	24	0	1634	10
575	447	184	27	0	1707	10
576	341	59	27	1458	1468	10
577	132	32	18	0	1667	10
578	411	396	23	1240	1250	10
579	450	416	25	0	1655	10
580	323	34	13	251	261	10
581	244	368	25	0	1796	10
582	90	477	18	0	1637	10
583	34	169	11	1482	1492	10
584	351	128	15	500	510	10
585	71	282	29	1092	1102	10
586	157	269	31	0	1820	10
587	392	1	11	327	337	10
588	39	153	26	441	451	10
589	306	229	10	0	1855	10
590	415	253	21	0	1749	10
591	92	76	4	0	1679	10
592	437	98	16	0	1674	10
593	12	367	27	1351	1361	10
594	448	414	23	1003	1013	10
595	128	113	22	0	1731	10
596	43	360	2	494	504	10
597	102	422	23	0	1688	10
598	480	131	5	1290	1300	10
599	210	81	2	0	1741	10
600	432	2	20	778	788	10
601	396	83	15	0	1693	10
602	489	159	29	0	1659	10
603	56	75	24	0	1653	10
604	66	31	25	0	1628	10
605	460	117	14	0	1666	10
606	175	239	23	1817	1827	10
607	217	333	26	981	991	10
608	62	375	16	0	1689	10
609	82	183	17	1173	1183	10
610	248	214	19	652	662	10
611	385	239	21	0	1779	10
612	371	315	18	0	1777	10
613	333	163	32	691	701	10
614	100	66	15	0	1677	10
615	311	422	29	0	1732	10
616	153	235	10	0	1816	10
617	168	109	10	1450	1460	10
618	284	319	17	811	821	10
619	195	464	20	0	1694	10
620	382	9	30	679	689	10
621	325	210	15	0	1830	10
622	366	334	5	1104	1114	10
623	200	78	31	0	1735	10
624	351	5	12	0	1649	10
625	197	202	29	0	1843	10
626	270	337	20	0	1825	10
627	125	65	17	0	1691	10
628	120	17	30	0	1648	10
629	84	255	13	0	1748	10
630	222	331	10	0	1829	10
631	332	459	35	0	1690	10
632	226	175	23	0	1836	10
633	404	140	8	559	569	10
634	223	178	20	0	1838	10
635	330	308	24	0	1816	10
636	140	108	29	0	1735	10
637	34	239	16	938	948	10
638	94	192	1	0	1748	10
639	458	213	22	1368	1378	10
640	13	314	14	1118	1128	10
641	202	391	30	0	1766	10
642	339	41	6	733	743	10
643	224	56	13	0	1719	10
644	345	431	12	0	1710	10
645	292	104	26	0	1763	10
646	318	99	35	0	1749	10
647	46	248	9	0	1710	10
648	482	184	14	1013	1023	10
649	411	379	25	0	1708	10
650	293	174	31	0	1827	10
651	169	305	21	412	422	10
652	394	47	5	0	1666	10
653	323	29	7	0	1682	10
654	65	343	38	863	873	10
655	158	179	37	0	1798	10
656	299	353	34	0	1800	10
657	9	233	31	282	292	10
658	330	138	18	0	1777	10
659	48	412	7	0	1656	10
660	385	17	40	994	1004	10
661	382	110	24	0	1722	10
662	336	493	20	673	683	10
663	181	441	25	1579	1589	10
664	162	301	16	0	1813	10
665	1	101	8	0	1624	10
666	80	117	24	1621	1631	10
667	210	219	7	203	213	10
668	404	59	13	0	1669	10
669	288	439	16	0	1722	10
670	149	458	13	728	738	10
671	257	391	22	0	1773	10
672	405	349	15	0	1731	10
673	191	215	17	0	1846	10
674	231	29	14	0	1693	10
675	253	50	27	633	643	10
676	441	177	23	0	1710	10
677	5	445	30	1425	1435	10
678	463	253	23	1353	1363	10
679	435	180	37	0	1717	10
680	198	85	28	0	1742	10
681	59	388	20	1451	1461	10
682	373	418	6	700	710	10
683	142	80	12	0	1713	10
684	441	7	20	0	1605	10
685	33	268	18	1047	1057	10
686	355	174	33	645	655	10
687	228	260	12	1139	1149	10
688	114	460	14	0	1664	10
689	337	41	8	1027	1037	10
690	154	374	36	315	325	10
691	235	13	27	983	993	10
692	303	78	12	1652	1662	10
693	103	464	22	1465	1475	10
694	325	311	22	0	1818	10
695	306	235	25	221	231	10
696	382	360	26	0	1743	10
697	235	288	18	1682	1692	10
698	0	356	13	809	819	10
699	178	135	21	626	636	10
700	226	423	15	1272	1282	10
701	15	11	15	0	1579	10
702	144	35	26	654	664	10
703	176	199	28	489	499	10
704	247	306	33	0	1858	10
705	396	417	13	0	1693	10
706	289	220	19	1837	1847	10
707	23	235	43	0	1687	10
708	137	377	23	0	1745	10
709	400	71	17	1289	1299	10
710	261	359	10	157	167	10
711	438	127	2	1513	1523	10
712	318	280	21	249	259	10
713	333	293	27	0	1821	10
714	436	295	11	0	1723	10
715	62	94	16	1075	1085	10
716	495	355	3	0	1648	10
717	13	394	15	0	1637	10
718	172	292	17	0	1826	10
719	14	232	18	1314	1324	10
720	437	90	12	1335	1345	10
721	214	274	24	158	168	10
722	420	383	27	1611	1621	10
723	120	261	5	1378	1388	10
724	179	75	13	0	1726	10
725	484	224	7	823	833	10
726	214	245	8	0	1878	10
727	395	474	26	531	541	10
728	368	311	14	531	541	10
729	199	203	20	1206	1216	10
730	485	428	22	530	540	10
731	86	199	23	0	1743	10
732	447	272	12	0	1716	10
733	40	304	16	304	314	10
734	475	267	7	1429	1439	10
735	482	141	14	870	880	10
736	489	274	31	0	1674	10
737	26	342	12	1102	1112	10
738	139	438	24	622	632	10
739	12	358	7	1492	1502	10
740	125	61	26	1438	1448	10
741	360	284	19	1617	1627	10
742	29	358	23	0	1669	10
743	285	247	13	1313	1323	10
744	248	386	22	211	221	10
745	415	207	18	1263	1273	10
746	130	247	17	1116	1126	10
747	172	66	18	0	1715	10
748	92	259	4	0	1756	10
749	379	486	22	514	524	10
750	452	484	26	0	1605	10
751	268	288	26	63	73	10
752	349	43	26	1522	1532	10
753	225	269	30	0	1883	10
754	50	383	20	712	722	10
755	110	251	23	1727	1737	10
756	461	182	13	0	1693	10
757	255	487	19	407	417	10
758	133	202	33	709	719	10
759	34	329	2	1460	1470	10
760	368	452	16	0	1681	10
761	242	106	28	0	1770	10
762	171	303	18	0	1819	10
763	329	456	19	1236	1246	10
764	490	286	29	1556	1566	10
765	61	214	4	0	1722	10
766	365	74	24	0	1704	10
767	321	149	18	0	1791	10
768	84	453	19	334	344	10
769	26	442	23	1418	1428	10
770	180	283	23	164	174	10
771	394	322	12	750	760	10
772	348	348	23	0	1776	10
773	309	161	23	0	1808	10
774	385	58	24	0	1680	10
775	228	287	21	0	1871	10
776	312	453	6	1482	1492	10
777	35	344	21	0	1680	10
778	393	98	13	0	1706	10
779	208	488	22	0	1673	10
780	235	33	30	1589	1599	10
781	140	137	32	924	934	10
782	405	187	34	0	1747	10
783	330	371	1	0	1769	10
784	265	0	10	0	1664	10
785	295	89	23	1695	1705	10
786	3	23	11	1368	1378	10
787	363	225	35	0	1799	10
788	148	208	22	739	749	10
789	466	362	15	0	1671	10
790	267	290	15	1768	1778	10
791	98	2	14	976	986	10
792	131	246	17	0	1795	10
793	418	75	11	0	1672	10
794	366	260	23	850	860	10
795	138	28	23	0	1666	10
796	209	212	18	0	1859	10
797	443	167	17	0	1704	10
798	156	65	22	0	1707	10
799	279	355	9	0	1806	10
800	206	172	29	0	1825	10
801	32	94	14	1054	1064	10
802	301	239	31	1052	1062	10
803	471	368	19	0	1664	10
804	133	273	20	0	1795	10
805	253	74	20	1653	1663	10
806	470	405	17	1093	1103	10
807	77	172	23	0	1725	10
808	77	465	11	1607	1617	10
809	466	96	22	265	275	10
810	402	277	5	0	1760	10
811	267	374	23	1662	1672	10
812	450	194	27	1620	1630	10
813	89	65	16	0	1669	10
814	429	389	18	501	511	10
815	202	28	22	1649	1659	10
816	46	389	22	1011	1021	10
817	246	407	12	0	1757	10
818	452	110	14	0	1669	10
819	213	185	21	0	1840	10
820	134	276	15	1084	1094	10
821	262	97	17	277	287	10
822	469	489	4	0	1590	10
823	364	71	5	1576	1586	10
824	68	240	11	0	1732	10
825	494	468	31	0	1587	10
826	439	222	22	0	1723	10
827	386	225	13	0	1776	10
828	434	359	13	0	1701	10
829	103	177	28	0	1750	10
830	89	322	21	0	1738	10
831	307	249	10	940	950	10
832	30	155	9	256	266	10
833	401	314	25	860	870	10
834	217	357	23	0	1803	10
835	373	421	21	246	256	10
836	5	281	16	394	404	10
837	173	474	14	1157	1167	10
838	36	301	21	0	1695	10
839	429	169	8	0	1718	10
840	195	450	16	1661	1671	10
841	95	382	19	0	1711	10
842	225	121	18	0	1783	10
843	10	407	36	0	1628	10
844	221	269	14	0	1880	10
845	264	180	33	1367	1377	10
846	168	59	6	0	1707	10
847	281	96	1	0	1757	10
848	387	349	9	1079	1089	10
849	398	329	17	0	1747	10
850	239	486	3	0	1678	10
851	237	420	15	0	1744	10
852	346	354	8	531	541	10
853	172	314	9	0	1814	10
854	233	230	20	0	1888	10
855	79	80	19	0	1673	10
856	243	402	13	0	1762	10
857	117	110	13	0	1721	10
858	66	314	26	0	1720	10
859	58	391	16	1622	1632	10
860	142	360	20	878	888	10
861	492	326	19	380	390	10
862	381	328	12	0	1762	10
863	62	236	29	0	1726	10
864	344	70	24	606	616	10
865	151	81	28	0	1719	10
866	240	240	35	0	1900	10
867	46	163	8	0	1693	10
868	455	168	21	0	1694	10
869	428	202	24	1052	1062	10
870	432	199	7	0	1725	10
871	391	112	24	0	1717	10
872	451	305	13	0	1706	10
873	214	311	14	0	1844	10
874	465	367	14	0	1670	10
875	164	473	26	0	1675	10
876	364	173	30	1368	1378	10
877	274	261	20	1063	1073	10
878	133	455	25	411	421	10
879	351	481	10	0	1662	10
880	115	395	11	0	1716	10
881	297	304	4	1299	1309	10
882	7	194	29	0	1665	10
883	409	255	23	0	1755	10
884	87	213	18	1021	1031	10
885	60	246	25	0	1724	10
886	3	471	13	0	1583	10
887	418	251	21	0	1746	10
888	153	362	7	1146	1156	10
889	323	77	36	494	504	10
890	143	158	12	0	1773	10
891	351	148	30	1650	1660	10
892	426	38	23	0	1639	10
893	226	316	21	157	167	10
894	347	192	18	1460	1470	10
895	102	6	3	1307	1317	10
896	41	120	22	0	1668	10
897	247	443	17	328	338	10
898	218	271	16	0	1876	10
899	376	385	12	0	1730	10
900	241	402	11	1023	1033	10
901	213	399	18	0	1761	10
902	32	191	5	0	1689	10
903	441	374	10	868	878	10
904	376	113	8	1323	1333	10
905	215	434	9	1349	1359	10
906	499	316	18	366	376	10
907	318	497	21	0	1658	10
908	256	441	34	1540	1550	10
909	174	397	32	958	968	10
910	468	360	16	1146	1156	10
911	287	256	18	1793	1803	10
912	448	397	33	1309	1319	10
913	352	487	27	880	890	10
914	253	118	19	0	1782	10
915	159	299	12	0	1811	10
916	351	233	21	942	952	10
917	268	113	21	1292	1302	10
918	164	332	19	0	1796	10
919	88	484	5	372	382	10
920	360	488	19	0	1652	10
921	343	166	28	0	1789	10
922	497	266	25	1379	1389	10
923	138	406	8	1285	1295	10
924	420	224	10	1652	1662	10
925	231	410	14	635	645	10
926	199	438	3	0	1720	10
927	219	215	32	1001	1011	10
928	365	274	14	0	1797	10
929	481	454	14	0	1606	10
930	187	61	19	1249	1259	10
931	372	97	13	250	260	10
932	187	263	35	99	109	10
933	371	427	23	0	1700	10
934	74	215	10	0	1735	10
935	375	145	12	0	1751	10
936	365	28	9	338	348	10
937	118	314	26	603	613	10
938	60	29	32	294	304	10
939	478	300	12	0	1681	10
940	33	152	17	1598	1608	10
941	347	184	15	0	1797	10
942	94	40	24	0	1653	10
943	290	328	7	0	1827	10
944	96	346	26	0	1733	10
945	97	288	22	655	665	10
946	176	470	14	0	1682	10
947	206	97	33	0	1755	10
948	210	133	15	0	1791	10
949	489	457	13	674	684	10
950	418	399	20	1630	1640	10
951	392	491	10	1407	1417	10
952	437	19	15	0	1617	10
953	495	83	32	0	1618	10
954	468	352	9	1004	1014	10
955	390	120	24	1247	1257	10
956	80	357	1	0	1714	10
957	394	310	10	0	1759	10
958	61	441	27	845	855	10
959	52	303	25	1126	1136	10
960	391	202	14	882	892	10
961	36	451	15	1183	1193	10
962	276	84	20	1550	1560	10
963	130	140	17	352	362	10
964	16	287	12	1237	1247	10
965	292	136	28	1665	1675	10
966	53	204	8	0	1712	10
967	359	287	24	0	1799	10
968	309	29	11	0	1686	10
969	473	491	23	529	539	10
970	273	255	18	0	1891	10
971	263	153	12	0	1817	10
972	328	458	17	0	1692	10
973	401	164	13	1682	1692	10
974	480	119	7	679	689	10
975	488	96	22	0	1631	10
976	149	98	4	557	567	10
977	49	437	7	959	969	10
978	440	77	14	0	1658	10
979	43	135	31	0	1678	10
980	188	151	7	1063	1073	10
981	175	422	24	1582	1592	10
982	48	437	4	0	1639	10
983	334	403	26	0	1740	10
984	372	115	13	0	1733	10
985	111	192	11	0	1764	10
986	357	290	24	0	1800	10
987	331	134	11	961	971	10
988	495	199	25	1586	1596	10
989	441	60	21	0	1645	10
990	51	89	19	585	595	10
991	452	206	31	0	1708	10
992	195	386	13	254	264	10
993	172	24	17	1462	1472	10
994	408	318	15	0	1742	10
995	410	399	25	0	1696	10
996	413	345	20	698	708	10
997	215	129	17	549	559	10
998	380	350	15	1326	1336	10
999	19	38	15	936	946	10
1000	166	247	1	0	1830	10
